55.1515 -3922.826283203125
70.6161 70.6161
46.6942 -3532.371473828125
55.0505 55.0505
78.1095 -53021.67565625
62.4242 -98382.04455
75.9843 75.9843
70.5882 -102792.9743
76.1682 76.1682
66.1765 -34733.8938125
52.8037 -27592.63770625
66.1157 66.1157
74.8815 -14610.8069765625
70.5882 70.5882
61.8182 45.566002734375
72.03790000000001 72.03790000000001
66.8246 -1223.504745703125
75.9843 -1221.63239921875
62.2549 -384.83573720703123
66.1765 66.1765
66.8246 66.8246
71.3592 71.3592
56.3107 56.3107
61.8182 61.07583976573944
65.4545 65.4545
74.6914 74.6914
67.757 67.61384879124165
61.8182 60.78020680732727
64.9533 64.9533
61.8182 60.63758552856445
74.6914 74.6914
55.1402 55.1402
72.03790000000001 72.03790000000001
66.1157 66.1157
61.8182 60.32150626964569
61.8182 60.26156140155792
50.9579 50.9579
55.0505 54.996775014430284
61.8182 60.08291924781799
61.8182 60.02328337020874
55.1402 55.1402
58.8785 58.8785
68.6567 68.6567
73.1034 73.0851064050585
61.2121 61.2121
58.8785 58.8785
78.3951 78.3951
76.1682 76.1682
62.7451 62.71625748748183
46.6942 46.6942
61.8182 61.8182
63.8655 -2381.782205078125
68.3721 68.3721
49.8208 -13643.95654375
61.8182 61.8182
56.2212 56.2212
56.962 -13221.4569453125
60.9302 60.9302
68.1159 -5634.93243984375
62.6728 62.6728
60.9302 -1833.64743671875
49.8208 49.8208
50.8961 -8933.3099546875
61.8357 -48569.4221125
50.1792 50.1792
59.1549 59.1549
67.27940000000001 65.37110746803285
58.4229 58.4229
64.7368 64.7368
59.5349 59.50084685688615
67.27940000000001 64.75252211990357
59.8086 59.8086
67.27940000000001 64.22147453727723
67.27940000000001 63.863937744522104
67.27940000000001 63.4284879058838
54.8387 54.8387
54.8387 54.8387
62.6728 62.6728
62.4242 62.4242
59.9078 59.9078
59.9078 59.9078
68.1159 68.1159
67.27940000000001 60.34525168838502
61.8182 61.8182
67.27940000000001 59.604586252594004
67.27940000000001 59.15777982177735
67.27940000000001 58.63328660430909
58.0392 58.0392
58.6777 58.577403592062
41.2186 41.2186
67.27940000000001 56.53826344909669
50.8961 50.8961
67.27940000000001 55.497553953552256
67.27940000000001 54.916485914611826
62.6728 62.67204133718014
55.6962 55.6962
67.27940000000001 53.10396398010255
56.962 56.962
59.8101 59.8101
67.27940000000001 51.33800137939454
57.8947 57.8947
79.8913 79.8913
70.1087 -340.1316869628906
64.6617 -1418.1020939453124
82.6087 -8657.014346875
64.02879999999999 64.02879999999999
74.4828 74.4828
56.2212 56.2212
70.0461 -58279.032025
83.8509 -350790.36785
72.9323 -6871.284496875
69.1824 -15685.3459203125
63.587 -3082.917638671875
73.913 73.913
60.1093 -11466.365309375
56.2212 -1382.04491328125
61.658 61.658
64.02879999999999 63.96362422828673
57.8947 57.8947
71.9212 71.9212
72.1311 72.1311
65.7534 65.49803540315628
73.913 73.913
74.0933 74.0933
60.6897 60.6897
79.8913 79.8913
66.4384 66.26689216461182
64.6617 64.6617
83.21170000000001 67.0637793914795
65.7534 62.83919969406128
70.5069 70.5069
65.43780000000001 65.43780000000001
83.21170000000001 65.94875863952637
75.188 75.17823143947125
83.21170000000001 65.02163461608887
72.9323 72.9323
72.9323 72.9323
83.8509 82.04757518138885
83.21170000000001 62.69143632812501
69.0722 69.0722
51.0791 51.0791
64.6617 64.49948111636638
83.21170000000001 60.06829790039063
83.21170000000001 59.27256540222169
61.658 61.658
83.21170000000001 57.362346209716804
83.21170000000001 56.251960314941414
77.98740000000001 77.98740000000001
83.21170000000001 53.77130655212403
61.658 61.658
90.37037 90.37037
90.90909 90.90909
78.26089999999999 -132.58292629394532
72.6115 72.6115
79.5455 79.5455
81.14750000000001 81.14750000000001
85.6061 85.6061
80.0 -1300280.875
85.7143 85.7143
80.0 -253115.8125
85.7143 85.7143
72.6115 72.6115
87.8981 87.8981
80.0 80.0
64.8438 60.17158120040894
91.11111 91.11111
87.8981 87.8981
89.4309 89.4309
90.90909 90.90909
65.18520000000001 65.18520000000001
89.8089 89.8089
84.4262 84.33896475787162
78.7402 78.7402
80.0 54.41662406921387
80.0 80.0
80.0 54.381011962890625
88.6179 88.6179
79.5276 79.00417245397568
83.7398 83.7398
80.0 53.570539474487305
80.0 53.18315315246582
88.3721 88.3721
78.7402 78.7402
91.33858000000001 91.33858000000001
80.0 51.07820129394531
60.8392 53.00593755645752
80.0 49.80006408691406
80.0 48.991024017333984
80.0 48.017086029052734
80.0 46.88948440551758
89.313 89.313
81.88980000000001 81.88980000000001
91.33858000000001 91.33858000000001
80.0 42.394935607910156
80.0 41.251468658447266
80.5755 77.88077663230897
80.5755 80.5755
86.8852 86.8852
87.9699 87.85005148043632
80.0 35.74858093261719
56.0784 -31573.044646875
65.71430000000001 65.50403636031152
56.0784 14.836281164550783
59.3333 59.3333
54.6559 54.6559
53.7255 53.7255
69.8413 69.8413
75.7764 75.7764
56.0784 21.999088629150393
73.33330000000001 70.39608586387635
56.0784 23.061615332031252
70.8 61.61811904907226
68.96549999999999 68.96549999999999
56.0784 23.8133967956543
56.0784 23.842419012451174
56.0784 23.78150974121094
56.0784 23.6361507019043
52.9412 52.9412
53.7255 53.7255
74.6939 74.6939
56.0784 22.839958532714846
65.5172 61.938463933181765
56.0784 22.296860083007815
56.0784 21.963535650634768
56.0784 21.565643652343752
70.0 70.0
50.9804 50.9804
56.0784 20.309051855468752
53.7255 53.7255
78.66669999999999 78.66669999999999
56.0784 19.100773199462893
56.0784 18.675114019775393
56.0784 18.195412023925783
65.71430000000001 56.41238769226075
49.8039 49.8039
48.2353 48.2353
48.2353 48.2353
59.2157 59.2157
56.0784 15.60359989013672
60.4278 56.493642628479
69.6246 69.59708833626509
60.355 45.727797966003415
56.0784 14.179245336914065
56.0784 13.797237738037111
56.0784 13.370003088378908
60.4762 60.4762
56.0784 12.47975192871094
68.16329999999999 68.16329999999999
56.0784 11.602646215820315
56.0784 11.152069433593752
63.0573 -15958.3411375
82.2581 82.2581
69.1429 68.8783770898819
76.5714 76.5714
63.5359 63.5359
60.221 60.221
54.2857 54.26498089275956
63.0573 25.74749317626953
50.0 49.94699805602431
63.0573 26.207675366210935
63.0573 26.19759312133789
59.0164 54.69627012863159
75.0 64.51546859741211
46.4088 44.57946514492035
83.2168 83.2168
67.8571 58.48856209716797
50.2762 50.2762
63.0573 25.351794628906248
63.0573 25.139003186035154
69.8925 69.8925
63.0573 24.519389538574217
63.0573 24.120589642333982
63.0573 23.628463177490232
41.358 31.728237350463864
63.0573 22.514941601562498
69.8925 69.8925
75.1678 75.1678
76.5714 76.5714
42.5926 42.5926
81.2081 81.2081
63.0573 19.567450909423826
76.4286 61.41871898040772
59.4286 54.85811488494873
63.0573 18.230082897949217
63.0573 17.73074284057617
37.7483 37.7483
50.0 37.42145252227783
75.0 53.598527908325195
50.2762 50.2762
63.0573 15.302810101318357
76.5714 76.5714
59.0164 41.97906937255859
63.0573 13.97393360595703
46.3576 40.05832221755981
63.0573 13.051913647460935
63.0573 12.551989941406248
41.4773 41.4773
63.0573 11.512885479736326
63.0573 10.978866009521482
63.0573 10.41162434082031
31.384600000000006 31.384600000000006
28.723399999999998 -22196.44456875
34.5196 -167252.027275
28.9773 -3.5815188171386723
57.5107 57.5107
60.7438 60.7438
34.5196 15.352541055297849
39.3846 39.3846
66.87899999999999 57.03130083465575
28.723399999999998 -5.214965936279299
34.5196 19.495216455078122
28.723399999999998 -2.6797715393066426
44.898 44.898
28.723399999999998 -0.48956882629394727
28.723399999999998 0.48984706726074023
28.723399999999998 1.3202475341796855
56.7901 45.774012467956545
57.0681 57.0681
68.5039 68.5039
28.923100000000005 28.923100000000005
62.6609 62.6609
60.7438 60.7438
28.723399999999998 4.22423541870117
60.4938 60.4938
28.923100000000005 28.91660152164698
28.723399999999998 4.887094381713865
28.723399999999998 5.038099172973631
28.723399999999998 5.15057933654785
28.723399999999998 5.230573538208006
28.723399999999998 5.282533529663084
28.723399999999998 5.310052755737303
28.723399999999998 5.31615436401367
28.723399999999998 5.303451422119139
28.723399999999998 5.27423656311035
54.6939 54.6939
28.723399999999998 5.1902731689453105
65.9341 56.18629535827637
56.7901 39.13220205078125
31.384600000000006 31.384600000000006
45.7249 39.509314291381834
55.5172 46.94033575744629
28.723399999999998 4.887281301879881
63.6752 63.41624306101799
28.923100000000005 19.5606322341919
28.723399999999998 4.7259577545166
28.723399999999998 4.664930227661131
60.7438 60.7438
28.723399999999998 4.528365972900389
39.3846 39.3846
34.375 22.552919387817383
83.6478 -4264.9156765625
39.3939 39.25747602477074
82.23349999999999 58.367338653564445
82.23349999999999 58.51552629089355
82.23349999999999 58.57525300598144
61.3861 61.3861
73.2955 73.16797486412526
82.23349999999999 58.543241973876945
57.1429 42.67551566162109
78.3784 65.97298541870117
87.027 87.027
65.2439 48.71450585021972
45.2756 45.2756
82.23349999999999 58.22444009399413
78.3784 62.80605808105469
83.1169 83.1169
82.23349999999999 57.92526864624023
82.23349999999999 57.77056741333007
60.1732 60.1732
82.23349999999999 57.367399688720695
82.23349999999999 57.12160539245605
70.122 70.122
82.23349999999999 56.55870675659179
45.1429 45.1429
82.23349999999999 55.954061981201164
82.23349999999999 55.617765899658195
61.3861 61.3861
82.23349999999999 54.89026498413085
69.3182 61.78859127349854
82.23349999999999 54.13601159667968
82.23349999999999 53.72812509155273
45.2756 45.2756
82.23349999999999 52.86747598266601
39.3939 29.285732351684572
82.23349999999999 51.997688766479484
81.6327 81.6327
49.7835 42.9713604888916
45.1429 45.1429
82.23349999999999 50.382048126220695
39.3939 26.105064474487307
82.23349999999999 49.6072449645996
82.23349999999999 49.18303536987304
51.751 39.838599754333494
82.23349999999999 48.27159356689452
82.23349999999999 47.78417062377929
82.23349999999999 47.2508110961914
82.23349999999999 46.67508935546874
82.23349999999999 46.060175415039055
36.0515 36.0515
82.23349999999999 44.81498574829101
55.0607 55.0607
73.913 73.913
35.607699999999994 35.607699999999994
65.8683 47.99972395019532
61.8497 21.774909045410155
61.8497 21.321982409667967
33.9019 33.9019
61.8497 20.441088702392577
73.913 73.913
70.4142 70.4142
83.7349 72.76495504608154
70.8075 70.8075
57.3964 57.3964
76.506 76.506
78.8043 78.8043
61.8497 17.916266467285155
50.8403 41.49011269836426
73.913 73.913
61.8497 17.23495390625
61.8497 17.00064757080078
81.9277 81.9277
51.0121 51.0121
61.8497 16.295260455322264
73.913 73.913
81.5789 81.5789
77.1739 77.1739
61.8497 15.471831347656249
61.8497 15.267684008789061
71.9512 46.46206235046387
69.8225 69.8225
56.6802 56.6802
61.8497 14.442339923095702
72.5352 72.5352
61.8497 14.051215197753905
61.8497 13.840285327148436
61.8497 13.606871630859374
44.9393 44.9393
61.8497 13.124411608886717
50.8403 50.8403
57.3964 57.3964
61.8497 12.447932269287108
61.8497 12.224150683593749
50.8403 33.25621644287109
61.8497 11.75641157836914
50.8403 32.00555459289551
61.8497 11.28702452392578
61.8497 11.044463183593749
77.1084 59.135100973510745
61.8497 10.545435931396483
72.5352 72.5352
36.0092 36.0092
41.6928 -10.306234881591799
59.854 44.364268211364745
41.6928 -10.607298419189455
74.16669999999999 74.16669999999999
41.6928 -10.79132322998047
87.3239 64.35562302246093
54.7619 54.7619
41.6928 -10.929674670410158
38.172 38.172
41.6928 -10.934885546875002
41.6928 -10.897879168701174
41.6928 -10.825506732177736
48.0952 48.0952
41.6928 -10.628191516113283
55.7143 55.7143
41.6928 -10.396437213134767
31.623900000000006 31.623900000000006
41.6928 -10.138758227539064
41.6928 -9.993177935791017
41.6928 -9.82711653442383
41.6928 -9.643381640625002
81.6901 81.6901
41.6928 -9.26587156982422
35.483900000000006 10.459497381591802
41.6928 -8.902548358154299
63.1148 58.545073532867434
33.004900000000006 -0.23620794067382178
78.6885 78.6885
59.5238 55.20024548416138
41.6928 -8.17022185058594
41.6928 -8.037886187744142
37.844 37.844
30.6173 30.6173
55.7143 55.7143
41.6928 -7.53528074951172
41.6928 -7.414175555419924
41.6928 -7.280401751708986
41.6928 -7.135778948974611
85.2113 85.2113
41.6928 -6.843649432373049
41.6928 -6.696589038085939
41.6928 -6.542261645507814
41.6928 -6.38198713989258
63.1148 49.145404362487795
41.6928 -6.076731250000002
41.6928 -5.930811450195314
82.7869 82.7869
41.6928 -5.645014331054689
41.6928 -5.50506834716797
37.5 37.5
35.8553 35.8553
44.2623 -8079.8002
49.4186 49.4186
80.0 80.0
39.2157 39.2157
71.6981 26.150484948730465
71.6981 26.338072686767575
71.6981 26.42999544677734
36.4706 36.4706
71.6981 26.455641656494137
71.6981 26.401427178955075
57.5472 34.85812834472656
44.2623 19.74690388183594
71.6981 26.035818963623043
71.6981 25.86315432128906
71.6981 25.638766198730465
71.6981 25.360304742431637
71.6981 25.033053308105465
41.9608 41.9608
24.855500000000006 24.855500000000006
71.6981 24.020655541992184
71.6981 23.67052736816406
71.6981 23.27960482177734
71.6981 22.852110772705075
71.6981 22.391920953369137
71.6981 21.902605920410153
68.8995 42.226799118041995
39.8026 39.8026
46.5969 46.5969
71.6981 20.067889123535153
69.3396 69.3396
71.6981 19.25049105224609
71.6981 18.831095605468747
71.6981 18.38447084960937
71.6981 17.914019494628903
36.8421 17.135835504150393
71.6981 16.97406282958984
71.6981 16.504584222412106
33.986900000000006 33.986900000000006
71.6981 15.576056390380856
24.855500000000006 24.855500000000006
71.6981 14.700594812011715
43.0921 43.0921
57.5472 30.986082827758786
71.6981 13.50378695068359
71.6981 13.114970117187497
80.0 80.0
71.6981 12.343089013671872
71.6981 11.960219293212887
55.0336 55.0336
69.4175 69.4175
61.0778 -247.8534744140625
63.6816 2.567464257812503
51.2195 40.843183929443356
63.6816 2.0281347290039093
66.85390000000001 66.85390000000001
63.6816 1.5644468322753937
40.4908 40.4908
63.6816 1.1731046691894562
72.68039999999999 72.68039999999999
63.6816 0.8441938415527375
63.6816 0.6995710388183625
63.6816 0.5658773437500031
63.6816 0.44267406616211247
63.6816 0.3295034423828156
63.6816 0.22590007934570622
63.6816 0.13141765747070622
69.5402 43.407616381835936
63.6816 -0.05406055297851253
63.6816 -0.14368305053710628
56.701 56.61497974640131
62.3596 62.3596
35.080600000000004 21.79815981445313
61.0811 51.27448321685791
63.6816 -0.49518070068359066
52.439 52.439
57.3034 57.3034
72.68039999999999 72.68039999999999
54.5817 22.806946429443357
69.5402 40.54724193115234
63.6816 -0.8209939941406219
63.6816 -0.8802972778320282
63.6816 -0.9295068725585907
63.6816 -0.9693628295898407
57.8035 57.8035
61.0811 45.68882132873535
55.0336 55.0336
47.546 47.546
63.6816 -1.1344324096679657
63.6816 -1.1573968872070282
63.6816 -1.1724496826171844
56.701 46.639836097717286
63.6816 -1.1939722045898407
63.6816 -1.2004724487304657
78.3505 54.99236859130859
69.72970000000001 69.72970000000001
69.5402 36.76922679443359
63.6816 -1.2768426879882782
48.374 48.374
9.712599999999995 9.712599999999995
78.5185 -3804.735162109375
38.4342 38.4342
59.6774 -2.57015096435547
35.9431 35.9431
14.152699999999996 14.152699999999996
35.9431 35.9431
20.0321 20.0321
59.6774 2.4209035705566393
79.021 79.021
20.192300000000003 20.175074361968043
59.6774 4.483247167968749
59.6774 5.030770666503905
64.9254 64.9254
45.679 45.679
59.6774 6.326280004882811
59.6774 6.656102545166014
12.6858 12.6858
59.6774 7.182328588867186
20.833299999999994 20.833299999999994
36.4865 36.4865
59.6774 7.766789801025389
59.6774 7.901437170410155
20.833299999999994 20.833299999999994
19.551299999999998 19.551299999999998
81.4815 81.4815
45.679 45.679
59.6774 8.303300268554686
59.6774 8.337006933593749
10.485600000000005 -4.529512876892085
59.6774 8.347665197753905
59.6774 8.327256567382811
11.199200000000005 11.199200000000005
59.6774 8.243649847412108
59.6774 8.182465917968749
59.6774 8.101949102783202
59.6774 8.004159338378905
10.485600000000005 -4.265943998718257
59.6774 7.790044195556639
59.6774 7.6745122741699205
59.6774 7.546075231933592
18.429500000000004 4.066260711669926
59.6774 7.2791570495605455
59.6774 7.141190893554686
18.429500000000004 18.429500000000004
59.6774 6.860780126953124
37.0107 36.96156982101202
59.6774 6.590348608398436
59.6774 6.453179724121092
59.6774 6.308274633789061
32.9949 -1461.93918203125
53.6585 27.960074707031247
86.1111 66.04668883666992
32.9949 14.874962103271486
64.8352 11.005720782470704
64.8352 10.894045520019532
64.8352 10.758246112060547
64.8352 10.599344897460938
41.4474 41.4474
68.96549999999999 68.96549999999999
68.8235 68.8235
77.8689 77.8689
64.8352 9.860327410888672
69.4581 69.4581
64.8352 9.59063212890625
64.8352 9.441656756591797
48.731 34.073952728271486
76.2295 72.88684934806824
79.5082 79.5082
64.8352 8.824034381103516
61.7834 61.7834
64.8352 8.52934520263672
64.8352 8.37249248046875
40.7895 25.015794517517087
64.8352 8.035547900390625
64.8352 7.857218432617188
63.4146 63.4146
64.8352 7.496218371582032
77.7778 65.51955548553467
42.9319 42.9319
64.8352 6.96953837890625
81.14750000000001 81.14750000000001
76.35470000000001 58.75468435974122
64.8352 6.4782854797363285
64.8352 6.308329272460938
68.8235 68.8235
64.8352 5.970873522949219
45.0262 44.973693441402915
64.8352 5.6522661926269535
64.8352 5.493914294433594
64.8352 5.329680133056641
64.8352 5.160681414794922
64.8352 4.987948107910157
64.8352 4.81243388671875
64.8352 4.6350237609863285
64.8352 4.4565264465332035
64.8352 4.277659106445313
64.8352 4.099108386230469
64.8352 3.9214846374511723
61.7834 61.7834
49.0431 -2243.290884375
69.1429 7.738492498779294
43.1818 43.1818
52.766 52.65528974419832
43.1818 43.1818
69.1429 7.232465277099607
48.1818 34.525541416931155
48.1818 34.08353721313477
69.1429 6.862084875488279
66.16919999999999 55.1656199066162
69.1429 6.588403234863279
66.16919999999999 53.96203809661864
69.1429 6.28836203613281
49.0431 43.84679329452515
69.1429 5.97659445800781
50.4 35.938012504577635
48.0519 28.771424383544925
61.039 61.039
47.8261 47.8261
69.1429 5.241746435546872
69.1429 5.106057653808591
65.06020000000001 46.19328906555177
63.6816 63.6816
69.1429 4.668405065917966
69.1429 4.522424230957029
50.8571 50.8571
51.2987 51.2987
69.1429 4.110162268066404
68.5714 68.5714
69.1429 3.863168249511716
69.1429 3.7400374511718724
69.1429 3.612000952148435
69.1429 3.480050573730466
69.1429 3.34512473144531
55.1948 50.109614949035645
69.1429 3.0794005493164036
69.1429 2.9491133789062474
46.4115 46.4115
46.4115 46.4115
69.1429 2.59298850097656
69.1429 2.484689245605466
69.1429 2.375375280761716
69.1429 2.265634069824216
69.1429 2.15597678222656
69.1429 2.046914587402341
69.1429 1.9388442138671849
69.1429 1.8321776489257786
38.4298 38.4298
69.1429 1.6326613525390599
47.8261 47.8261
64.39789999999999 -15722.9604984375
58.9404 -106187.9892875
69.8113 -560.7029211914063
54.9738 54.9738
65.71430000000001 7.628843151855477
58.9404 41.039221640014645
62.0321 56.530411042785644
50.4132 33.08188019104004
55.4839 55.4839
60.2094 58.00397688331604
63.6364 63.6364
76.4398 76.4398
65.71430000000001 16.38012107543946
65.71430000000001 17.056901776123055
83.0508 83.0508
65.71430000000001 18.16750129394532
65.71430000000001 18.62041648559571
65.71430000000001 19.002431713867196
65.71430000000001 19.319211804199227
65.71430000000001 19.576948010253915
65.71430000000001 19.78127082519532
65.71430000000001 19.937219464111337
60.3053 44.98390221862793
65.71430000000001 20.14320930175782
65.71430000000001 20.19887336425782
63.2231 63.2231
65.71430000000001 20.23939307861329
65.71430000000001 20.227540814208993
65.71430000000001 20.187429272460946
65.71430000000001 20.121774517822274
65.71430000000001 20.033021771240243
65.71430000000001 19.92341407470704
65.71430000000001 19.794973217773446
76.4398 76.4398
65.71430000000001 19.51825507812501
65.71430000000001 19.3703401916504
65.71430000000001 19.20746406250001
45.0617 45.0617
62.0321 51.744198121643066
65.71430000000001 18.724695050048837
50.4132 32.71453056640625
65.71430000000001 18.412465893554696
62.0321 49.90847138366699
65.71430000000001 18.096025311279305
65.71430000000001 17.930246197509774
65.71430000000001 17.752038800048837
74.1007 59.38481960601807
83.9161 83.9161
65.71430000000001 17.219831311035165
65.71430000000001 17.04493507080079
59.0 -6741.73876953125
27.1357 27.1357
71.50540000000001 24.780935583496102
71.50540000000001 25.665079412841806
39.2857 39.2857
69.6429 62.354265222930906
62.1951 59.13016383895874
62.1951 58.96324556121826
71.50540000000001 28.792398748779306
71.50540000000001 29.208666143798837
60.3659 52.57243152465821
71.50540000000001 29.842779455566415
71.50540000000001 30.071363745117196
71.50540000000001 30.23646002807618
79.803 74.09956314849853
71.50540000000001 30.437120733642587
71.50540000000001 30.479177770996102
71.50540000000001 30.474989233398446
71.50540000000001 30.428888616943368
71.50540000000001 30.344793615722665
71.50540000000001 30.226255712890634
45.2381 28.83711809692383
71.50540000000001 29.93600302734376
71.50540000000001 29.76626425781251
71.50540000000001 29.57005148925782
71.50540000000001 29.34989005126954
71.50540000000001 29.108064947509774
71.50540000000001 28.846666632080087
71.50540000000001 28.567606268310556
71.50540000000001 28.272623358154306
71.50540000000001 27.963308630371102
71.50540000000001 27.64112311401368
58.5366 58.5366
75.0 66.98348999023438
68.2927 57.356479830932614
71.50540000000001 26.469496069335946
71.50540000000001 26.194444952392587
71.50540000000001 25.904180822753915
71.50540000000001 25.600313482666024
48.8095 48.8095
71.50540000000001 24.998590765380868
71.50540000000001 24.699415502929696
71.50540000000001 24.38822775878907
71.50540000000001 24.066377935791024
71.50540000000001 23.73509055175782
59.0 48.714481353759766
71.50540000000001 23.08004599609376
71.50540000000001 22.755327520751962
71.50540000000001 22.422491369628915
71.50540000000001 22.0825827697754
19.709199999999996 -30.059644604492192
19.709199999999996 -30.31870451049805
19.709199999999996 -30.498304272460942
28.022000000000006 28.022000000000006
19.709199999999996 -30.702428723144536
19.709199999999996 -30.734456921386723
19.709199999999996 -30.70810880737305
11.867099999999994 2.0504477020263607
25.8652 25.8652
27.305000000000007 13.707106285095222
19.709199999999996 -30.439035321044926
19.709199999999996 -30.334180737304692
19.709199999999996 -30.1859530456543
15.405900000000003 15.405900000000003
20.135400000000004 20.135400000000004
19.709199999999996 -29.68048658447266
19.709199999999996 -29.492757702636723
19.709199999999996 -29.272584820556645
19.709199999999996 -29.02398481445313
26.683899999999994 26.683899999999994
7.194199999999995 -13.08001379089356
19.709199999999996 -28.282812023925786
37.7778 26.51185361175537
19.709199999999996 -27.81638517456055
19.709199999999996 -27.573110485839848
16.618499999999997 6.115761047363279
19.709199999999996 -27.07174100952149
32.8194 14.644965338134767
9.592299999999994 9.592299999999994
19.709199999999996 -26.384023571777348
19.709199999999996 -26.157838726806645
19.3262 19.3262
19.709199999999996 -25.6912020690918
19.3262 19.3262
19.709199999999996 -25.235841656494145
19.709199999999996 -25.001840496826176
19.709199999999996 -24.751840496826176
21.0993 7.324817272949218
19.3262 19.3262
19.709199999999996 -24.039686108398442
19.709199999999996 -23.811452770996098
19.709199999999996 -23.569417858886723
19.709199999999996 -23.31557645874024
19.709199999999996 -23.051751995849614
19.709199999999996 -22.779592419433598
19.709199999999996 -22.500596905517583
74.4186 63.15682975158691
19.709199999999996 -21.969564343261723
19.709199999999996 -21.715314770507817
19.709199999999996 -21.454702282714848
69.1176 28.219444787597652
75.14789999999999 65.31414355316161
69.1176 28.585785424804683
69.1176 28.696133172607418
69.1176 28.75343374023437
69.1176 28.763012445068355
73.3728 57.98889554290771
78.4615 67.15091879272461
67.6923 67.6923
69.1176 28.60846761474609
69.1176 28.532318627929683
75.3247 75.3247
69.1176 28.32191518554687
69.1176 28.190041101074215
69.1176 28.029213464355465
69.1176 27.842316186523433
69.1176 27.631928002929683
69.1176 27.400402581787105
69.1176 27.149868524169918
65.6805 60.29940125274658
69.1176 26.63667348632812
69.1176 26.373825585937496
69.1176 26.095505273437496
69.1176 25.803341424560543
69.1176 25.498810327148433
69.1176 25.183273828124996
69.1176 24.857975518798824
69.1176 24.52404836425781
69.1176 24.182552850341793
69.1176 23.83441976318359
69.1176 23.480553186035152
69.1176 23.121758020019527
69.1176 22.758785760498043
69.1176 22.392326867675777
78.4615 61.464155029296876
69.1176 21.685062921142574
51.9084 51.9084
69.1176 21.032333886718746
69.1176 20.715546166992183
69.1176 20.39277700195312
66.2338 60.58873898391724
69.1176 19.774986779785152
69.1176 19.477448022460933
66.2338 50.73600584869385
69.1176 18.894455468749996
69.1176 18.607845819091793
69.1176 18.314545190429683
69.1176 18.01551107177734
69.1176 17.71161702880859
69.1176 17.403679406738277
39.7059 39.7059
51.2821 40.07343415222168
68.1818 15.613001934814449
68.1818 15.345786206054683
68.1818 15.074629895019527
73.21430000000001 58.31862815551759
68.1818 14.541316143798824
39.9038 39.9038
68.1818 14.041678540039058
68.1818 13.799574963378902
84.8101 84.8101
50.7937 50.7937
68.1818 13.130232922363277
68.1818 12.922339550781246
68.1818 12.708212963867183
67.67240000000001 67.67240000000001
68.1818 12.290721051025386
84.8101 84.8101
68.1818 11.902117840576167
68.1818 11.710833660888667
68.1818 11.513552777099605
37.884 37.884
68.1818 11.128550640869136
68.1818 10.940032116699214
35.195499999999996 35.183246894359584
68.1818 10.572024456787105
38.5666 18.144238626098634
37.9121 37.9121
68.1818 10.076918713378902
68.1818 9.920207135009761
40.1747 26.024232127380373
68.1818 9.605857006835933
68.1818 9.448233715820308
68.1818 9.285090557861324
33.788399999999996 33.788399999999996
68.1818 8.965903393554683
68.1818 8.80927192382812
68.1818 8.648177258300777
68.1818 8.48333656005859
68.1818 8.315425030517574
68.1818 8.145041577148433
67.67240000000001 67.67240000000001
68.1818 7.817332379150386
68.1818 7.659171215820308
68.1818 7.498843304443355
68.1818 7.336848370361324
68.1818 7.1736823242187455
68.1818 7.0097724121093705
68.1818 6.845500103759761
68.1818 6.681243054199214
61.7143 -12378.2280828125
65.0 5.414222717285156
65.0 7.410358428955078
55.5102 55.5102
65.0 10.810546875
65.0 12.259830474853516
65.0 13.552711486816406
65.0 14.695751190185547
65.0 15.702049255371094
49.8361 47.57354773864746
55.5102 55.5102
51.0204 39.45336337127686
65.0 18.768051147460938
65.0 19.324825286865234
38.9105 33.063362071990966
55.5102 55.5102
55.5102 55.5102
36.965 23.887803878784183
62.2857 54.225106394958495
65.0 21.5374755859375
65.0 21.74929428100586
65.0 21.904712677001953
65.0 22.00902557373047
78.8945 73.29939292144775
54.1833 38.83944700317383
65.0 22.15259552001953
65.0 22.14990997314453
65.0 22.110916137695312
65.0 22.039154052734375
51.0204 38.821745825195315
65.0 21.84145736694336
65.0 21.71800994873047
65.0 21.570201873779297
42.0233 42.0233
65.0 21.247394561767578
65.0 21.073184967041016
65.0 20.88006591796875
65.0 20.670063018798828
36.1868 36.1868
65.0 20.241867065429688
65.0 20.023456573486328
65.0 19.79144287109375
65.0 19.547401428222656
65.0 19.292747497558594
65.0 19.02877426147461
65.0 18.756675720214844
65.0 18.4775390625
65.0 18.192363739013672
61.7143 46.98678001098633
57.7778 57.7778
57.5221 57.5221
69.47370000000001 21.64175267333985
69.47370000000001 21.403418017578133
69.47370000000001 21.1487717163086
69.47370000000001 20.87969441528321
69.47370000000001 20.597872210693367
69.47370000000001 20.305593920898446
75.2747 75.2747
73.0061 52.90344840393067
69.47370000000001 19.476973010253914
69.47370000000001 19.2106613647461
74.1935 74.1935
65.4088 47.10040461425781
69.47370000000001 18.4506630432129
69.47370000000001 18.204920245361336
69.47370000000001 17.947573138427742
69.47370000000001 17.680044604492196
69.47370000000001 17.403704119873055
69.47370000000001 17.11974568481446
69.47370000000001 16.829294635009774
69.47370000000001 16.533369494628914
69.47370000000001 16.23292393798829
69.47370000000001 15.928804827880867
69.47370000000001 15.621817065429696
60.6195 60.6195
69.47370000000001 15.034117175292977
48.6339 29.592470480346677
69.47370000000001 14.489473773193367
75.6579 75.6579
60.0 45.782830238342285
69.47370000000001 13.759615374755867
69.47370000000001 13.53065343017579
69.47370000000001 13.295401049804696
69.47370000000001 13.05483098144532
69.47370000000001 12.809843493652352
69.47370000000001 12.56126637573243
87.4396 76.25296975097656
69.47370000000001 12.066774798583992
69.47370000000001 11.82118840332032
69.47370000000001 11.573759509277352
69.47370000000001 11.325098468017586
69.47370000000001 11.075769854736336
69.47370000000001 10.826261950683602
69.47370000000001 10.577051593017586
63.388 63.388
69.47370000000001 10.104349566650399
69.47370000000001 9.879312945556649
69.47370000000001 9.653940631103524
69.47370000000001 9.428686572265633
69.47370000000001 9.203958941650399
42.1875 -18.306053161621094
42.1875 -18.465755462646484
42.1875 -18.567092895507812
42.1875 -18.615482330322266
42.1875 -18.616031646728516
42.1875 -18.573467254638672
42.1875 -18.49224090576172
21.914900000000003 21.914900000000003
55.7143 55.7143
42.1875 -18.178508758544922
42.1875 -18.05230712890625
42.1875 -17.897315979003906
42.1875 -17.716903686523438
42.1875 -17.51416778564453
42.1875 -17.29196548461914
34.210499999999996 34.210499999999996
37.5 21.263315200805664
42.1875 -16.64905548095703
17.446799999999996 -0.1765825683593789
42.1875 -16.25506591796875
42.1875 -16.050846099853516
42.1875 -15.831306457519531
42.1875 -15.598628997802734
42.1875 -15.354778289794922
17.446799999999996 -3.7644903594970742
42.1875 -14.873172760009766
42.1875 -14.63509750366211
42.1875 -14.38895034790039
42.1875 -14.136222839355469
42.1875 -13.878227233886719
42.1875 -13.616188049316406
39.1026 33.240666291809084
42.1875 -13.115360260009766
36.4326 36.4326
42.1875 -12.659172058105469
42.1875 -12.43792724609375
42.1875 -12.212493896484375
42.1875 -11.98386001586914
48.0 33.64078998565674
42.1875 -11.553699493408203
42.1875 -11.350215911865234
42.1875 -11.143390655517578
42.1875 -10.93405532836914
42.1875 -10.722972869873047
42.1875 -10.510818481445312
34.0686 21.02318793640137
42.1875 -10.108383178710938
42.1875 -9.916755676269531
26.442300000000003 26.442300000000003
42.1875 -9.550579071044922
44.2438 -7.318707629394531
44.2438 -7.145791217041015
44.2438 -6.975632830810547
44.2438 -6.8083469116210935
44.2438 -6.643986865234375
44.2438 -6.4826328002929685
44.2438 -6.324334307861328
44.2438 -6.169110461425781
44.2438 -6.0169955932617185
48.4211 48.4211
44.2438 -5.733967944335937
44.2438 -5.601826831054687
21.377700000000004 21.377700000000004
44.2438 -5.354573413085937
44.2438 -5.238457843017578
44.2438 -5.123467608642578
21.043499999999995 10.31633382415771
44.2438 -4.909932299804687
44.2438 -4.8103000366210935
44.2438 -4.711033984375
15.304299999999998 2.1224190490722634
33.687 11.248223983764646
44.2438 -4.446038409423828
44.2438 -4.36703984375
44.2438 -4.2872592651367185
44.2438 -4.206921740722656
44.2438 -4.1262485229492185
44.2438 -4.045449420166015
44.2438 -3.9646960937499998
44.2438 -3.8841525756835935
34.4828 26.273615353393552
44.2438 -3.733014270019531
44.2438 -3.661755725097656
44.2438 -3.5903712951660154
44.2438 -3.519013568115234
52.8846 52.8846
32.626000000000005 32.626000000000005
44.2438 -3.3260471069335935
37.4005 30.26998871612549
44.2438 -3.212426348876953
44.2438 -3.156457110595703
44.2438 -3.099835559082031
44.2438 -3.0427409851074216
44.2438 -2.985333605957031
46.3158 43.66803531723023
44.2438 -2.8784763061523435
44.2438 -2.8284274780273435
33.333299999999994 13.519960766601557
44.2438 -2.7353412353515623
50.5263 50.5263
23.293800000000005 -23.60247075195312
16.381 16.381
26.306299999999993 12.243271664428704
23.293800000000005 -23.382583972167964
75.7962 75.7962
23.293800000000005 -23.185219165039058
23.293800000000005 -23.055557604980464
23.293800000000005 -22.893711444091792
23.293800000000005 -22.703377124023433
23.293800000000005 -22.487945910644527
53.3632 38.91237907714844
23.293800000000005 -22.042789813232417
23.293800000000005 -21.81340062255859
15.539699999999996 3.0626682922363244
23.293800000000005 -21.342403765869136
23.293800000000005 -21.101280566406245
11.620000000000005 11.620000000000005
23.293800000000005 -20.6132930480957
23.293800000000005 -20.366558428955074
23.293800000000005 -20.106312152099605
23.293800000000005 -19.834572192382808
23.293800000000005 -19.55318104858398
14.472099999999998 14.472099999999998
23.293800000000005 -19.003746386718745
23.293800000000005 -18.734791156005855
23.293800000000005 -18.45846211547851
23.293800000000005 -18.176182147216792
26.306299999999993 10.617884472656243
23.293800000000005 -17.63265645141601
8.956400000000002 8.956400000000002
23.293800000000005 -17.13390385742187
10.747699999999995 -9.676133847045904
23.293800000000005 -16.670627947998042
23.293800000000005 -16.44281041259765
23.293800000000005 -16.208504077148433
23.293800000000005 -15.96889149780273
23.293800000000005 -15.725036975097652
23.293800000000005 -15.477882739257808
23.293800000000005 -15.228298541259761
15.539699999999996 2.7470554992675744
23.4234 8.50259216156006
23.293800000000005 -14.550648089599605
14.946600000000004 6.325038949584965
23.293800000000005 -14.158680316162105
23.293800000000005 -13.966797229003902
23.293800000000005 -13.769939776611324
51.938 51.938
23.293800000000005 -13.388309832763667
23.293800000000005 -13.202652331542964
23.293800000000005 -13.012901660156245
65.8065 29.692837280273437
65.8065 29.815434020996094
65.8065 29.874573272705078
65.8065 29.87653402709961
65.8065 29.826977294921875
65.8065 29.73103384399414
78.0 59.2207145690918
72.619 72.619
65.8065 29.339813751220703
65.8065 29.180553955078125
65.8065 28.98615316772461
65.8065 28.76020864868164
65.8065 28.505981964111328
65.8065 28.226410430908203
65.8065 27.924206298828125
78.0 55.38445281982422
65.8065 27.30298666381836
65.8065 26.98426107788086
65.8065 26.64786962890625
65.8065 26.29585317993164
65.8065 25.93003515625
80.9783 80.9783
65.8065 25.2109189453125
62.0 62.0
65.8065 24.53569464111328
65.8065 24.200451416015625
65.8065 23.852097076416015
53.6424 53.6424
65.8065 23.167465728759765
65.8065 22.829739135742187
65.8065 22.480740112304687
72.619 72.619
65.8065 21.798065704345703
63.7584 38.615179098510744
65.8065 21.154423278808594
65.8065 20.83403448486328
65.8065 20.50320867919922
65.8065 20.163384002685547
65.8065 19.815853637695312
65.8065 19.461819213867187
78.5276 64.55648107299805
65.8065 18.760979217529297
74.46809999999999 61.039043832397454
65.2439 65.2439
65.8065 17.80302099609375
74.66669999999999 60.32686960144042
65.8065 17.230034393310547
64.0 49.36049747467041
65.8065 16.687954467773437
65.8065 16.41919760131836
63.1902 63.1902
74.21379999999999 -3019.99762578125
78.5311 28.33898421630859
78.5311 28.04834243164062
78.5311 27.784876550292964
89.3082 77.04161369628906
78.5311 27.208170617675776
76.3889 76.3889
78.5311 26.635050500488276
78.5311 26.36145278320312
78.5311 26.067305291748042
51.5982 51.5982
78.5311 25.45006820068359
78.5311 25.12761947021484
78.5311 24.778902734374995
78.5311 24.40686293945312
78.5311 24.014204705810542
78.5311 23.60342284545898
78.5311 23.176798547363276
78.5311 22.736448968505854
78.5311 22.284327233886714
49.7326 33.369866159057615
86.3158 86.3158
78.5311 21.018904412841792
78.5311 20.622973168945308
78.5311 20.214438165283198
78.5311 19.79517623291015
69.1781 61.63003958282471
78.5311 18.985785211181636
66.8712 66.8712
78.5311 18.239058221435542
78.5311 17.8722636352539
78.5311 17.494898522949214
78.5311 17.10867186889648
78.5311 16.7151591430664
78.5311 16.315817559814448
78.5311 15.911967004394526
78.5311 15.50485869750976
64.3836 64.3836
78.5311 14.725985253906245
78.5311 14.35229750976562
78.5311 13.975702966308589
78.5311 13.59729262695312
78.5311 13.218050683593745
78.5311 12.838915551757808
49.7326 31.571314599609373
78.5311 12.115145410156245
78.5311 11.76898452148437
78.5311 11.423052514648433
78.5311 11.078150476074214
66.0256 -7500.41043515625
84.5679 84.5679
75.0 7.102195739746094
75.0 7.037384033203125
75.0 6.957977294921875
75.0 6.865592956542969
75.0 6.761741638183594
75.0 6.647796630859375
75.0 6.5250396728515625
52.3256 52.3256
75.0 6.308601379394531
75.0 6.205085754394531
75.0 6.092864990234375
75.0 5.97308349609375
87.3134 71.09572383728027
75.0 5.703460693359375
75.0 5.556678771972656
75.0 5.407188415527344
68.33330000000001 68.33330000000001
75.0 5.1190185546875
75.0 4.979896545410156
75.0 4.838951110839844
75.0 4.696746826171875
75.0 4.553825378417969
75.0 4.410675048828125
75.0 4.2677154541015625
75.0 4.125343322753906
75.0 3.9839324951171875
69.1275 46.77936500549316
73.4043 73.4043
69.4444 69.4444
75.0 3.4447479248046875
75.0 3.326019287109375
75.0 3.2083282470703125
75.0 3.0919189453125
75.0 2.977020263671875
75.0 2.8638534545898438
75.0 2.7525711059570312
75.0 2.643341064453125
75.0 2.536285400390625
82.2222 64.03177984924316
75.0 2.3216552734375
75.0 2.2150344848632812
75.0 2.1116790771484375
75.0 2.0116043090820312
75.0 1.914794921875
80.7947 80.7947
75.0 1.7369308471679688
75.0 1.6552200317382812
77.7778 53.870237744140624
54.1667 36.788957232666014
43.5294 -30.070316186523435
43.5294 -30.049091210937497
43.5294 -29.930293908691404
43.5294 -29.72457491455078
43.5294 -29.441966882324216
43.5294 -29.091869226074216
43.5294 -28.68301760253906
43.5294 -28.22349154052734
43.5294 -27.720752587890622
43.5294 -27.181629052734372
43.5294 -26.612354150390622
43.5294 -26.018604150390622
66.52170000000001 66.52170000000001
63.0435 63.0435
43.5294 -24.361995568847654
43.5294 -23.845050683593747
43.5294 -23.30929934082031
43.5294 -22.75883089599609
43.5294 -22.197383752441404
49.1525 49.1525
43.5294 -21.117671838378904
43.5294 -20.598033776855466
43.5294 -20.07224642333984
43.5294 -19.542877069091794
43.5294 -19.012225976562497
86.6142 71.49697530670166
65.9091 46.17955822143554
43.5294 -17.62675081787109
43.5294 -17.221073022460935
43.5294 -16.809181085205076
43.5294 -16.393119683837888
43.5294 -15.974716058349607
43.5294 -15.55560289916992
81.1189 70.34968727722168
43.5294 -14.7716139465332
43.5294 -14.403667321777341
44.9198 21.15846653442383
43.5294 -13.713321557617185
43.5294 -13.388255944824216
43.5294 -13.060993066406247
43.5294 -12.732768884277341
64.1414 37.54162277832032
43.5294 -12.122814050292966
43.5294 -11.838130822753904
43.5294 -11.551772943115232
64.7059 64.7059
43.5294 -11.006820550537107
43.5294 -10.746883264160154
43.5294 -10.48590075073242
63.7427 9.988564868164062
63.7427 10.198033709716796
63.7427 10.360635180664062
63.7427 10.480775256347655
63.7427 10.562482257080077
63.7427 10.609437365722655
40.4545 40.4545
63.7427 10.639027972412109
63.7427 10.624860186767577
