0 0.5295204176510102
1 0.6553200107012875
2 0.7407632174344845
3 1.041382792871331
4 0.058967373685602405
5 0.64281572412956
6 0.012617877672340336
7 0.1101472752647466
8 0.593769421556914
9 0.27421372011985645
10 0.811684381598457
11 0.26579780436535166
12 0.05076073606259118
13 0.7538462349223463
14 0.5925954409054924
15 0.5819595595122233
16 1.253067693439573
17 0.11822137072779415
18 0.19987109760113422
19 0.42371646395457346
20 0.6575355757021644
21 0.3697776492719673
22 0.11191181207397499
23 0.7181011919465428
24 1.1122815076739387
25 0.00984676389075209
26 1.2219667176845959
27 0.7049945152793292
28 0.5400551108963655
29 0.698652686456802
30 0.711902396593078
31 0.9100508535848398
32 0.741603629827465
33 1.109632428466742
34 0.21856108298231627
35 0.6417290060216815
36 0.828095176838659
37 0.0008664965668314562
38 0.3702210146101114
39 1.2539926849525902
40 0.6908079818184814
41 0.6154756196843993
42 0.07541285905632501
43 0.5393632676995457
44 1.1221023421482217
45 0.18570671532754934
46 0.29287174228593893
47 0.9221313916462206
48 0.346180885826462
49 0.15380330851818852
50 0.8424942739785765
51 0.10701469344537819
52 1.0580832923671881
53 0.5651663051273358
54 0.5831592455020334
55 0.2534154247461258
56 0.0330862824827349
57 1.190106595609112
58 0.7656086146029463
59 0.1280428246367174
60 0.6686517312585665
61 0.1244751943238819
62 0.48263568418491665
63 1.0586257202447318
64 1.2125486658782483
65 1.2059245882906198
66 0.5858538579649929
67 0.6724727967002615
68 0.3844578362908052
69 0.4671755970868854
70 0.1495261868443531
71 1.135431274722556
72 0.5459353438131758
73 1.1431401392073226
74 1.101405257366883
75 0.19932193718343236
76 0.4806954960615385
77 1.1419801548912238
78 0.47677594152913033
79 1.018170323461955
80 0.556241007699858
81 1.1135847473811318
82 0.40585786546114455
83 0.960219307127492
84 1.2071585027924363
85 0.16499592244480346
86 0.698336450028818
87 0.6594432644737971
88 0.4444236680675382
89 0.3471578270835991
90 1.1219013191783462
91 1.0466866152084464
92 1.0736229082267454
93 1.0973823002762482
94 0.5829690509339605
95 1.2293509032587049
96 1.0671554691201335
97 0.5120061480836984
98 0.19517503672039727
99 0.5859378616357664
100 0.530092205225438
101 0.8197285538805341
102 0.7177153784000716
103 0.4915672431391671
104 0.31159471839585934
105 0.4984164040070427
106 0.38688088904538853
107 1.2154968593330027
108 0.7967014854233468
109 0.3494455256654583
110 0.47274049704520976
111 0.9364517149158711
112 0.1499213851372915
113 1.1010748634094039
114 0.7257551009705768
115 0.02709571075763539
116 0.10865757310798889
117 1.0570053607965135
118 0.5259698890543498
119 0.7050341545566557
120 1.1846254342336542
121 1.0813471170974411
122 0.05914648124307598
123 0.4176684290308531
124 0.33618448172919824
125 0.38500728214721824
126 1.1851670650893742
127 0.8373023272850657
128 0.24630019615030993
129 0.7372550338259293
130 0.003562518545266637
131 1.1614276368403555
