0 2.45135932729075e-05
1 7.446215065107512e-05
2 0.00013716721678760525
3 0.00012255575463906328
4 0.00014261888907788963
5 0.00014260065334885817
6 0.00011987989863726793
7 9.062988995631993e-05
8 3.676963998096202e-05
9 2.176929005668497e-05
10 4.751916111231243e-05
11 9.546848297381883e-05
12 0.0001200354978659609
13 0.00011606189481904086
14 0.00012307189686626543
15 0.00014281539965153853
16 6.621420115190797e-05
17 0.0001395107909055672
18 1.4568146102119423e-05
19 4.688820331184254e-05
20 0.00012130448751773353
21 4.4287976699952514e-05
22 5.3490639222917956e-05
23 4.116783836277453e-06
24 0.00012975445374239936
25 2.6745174599297316e-05
26 3.226674259064614e-05
27 6.539830199600203e-05
28 0.00010851485147755373
29 5.522742522712513e-05
30 9.149821637559012e-05
31 0.00011604979286918352
32 2.4989142799924216e-05
33 5.1146617875159045e-05
34 4.134479599548784e-05
35 1.6076612887901868e-05
36 4.132737271067174e-05
37 5.2240199522317526e-05
38 5.8188710597597406e-05
39 2.18545732888404e-05
40 6.543802478800285e-05
41 0.00011687805754708003
42 7.568738996882489e-05
43 6.651974355713174e-05
44 3.873497982831157e-05
45 4.569131794770776e-05
46 8.003940737270099e-05
47 2.0328600949805363e-05
48 8.078846310157887e-06
49 3.396143083178659e-05
50 7.323027140748481e-05
51 0.00010623156150413775
52 3.591272640721887e-05
53 8.154739012815294e-05
54 0.00011364765171573706
55 0.000140488546947184
56 6.613355306916035e-05
57 4.838802544844454e-05
58 2.6323278964226504e-05
59 0.00011554269942543256
60 0.00014373843384053646
61 7.893471690993363e-05
62 3.2531970650365894e-05
63 0.00013407272411627456
64 0.0001357028301173105
65 7.757474929887939e-05
66 1.1951909197380267e-05
67 2.8813233205994416e-05
68 3.518023857237775e-05
69 7.205318407304676e-05
70 0.00014528487073903063
71 0.00013314064345467736
72 4.981580339003627e-05
73 4.42045427926775e-05
74 0.00011443619631974308
75 8.429064800873331e-05
76 1.569017774698033e-05
77 3.0761915605123796e-05
78 9.798559256512699e-05
79 0.00012211867844219603
80 5.585705247776977e-05
81 0.00011867135719607573
82 7.984113591185356e-05
83 0.0001403912381694465
84 3.089380134578243e-05
85 4.085243319165671e-06
86 4.308240872520208e-05
87 6.468005946833434e-06
88 0.00012065255007941875
89 9.924432945884977e-05
90 0.00013526298041358406
91 3.196214919912258e-05
92 0.00010403098247811653
93 0.0001253198411945014
94 0.00010594691441594389
95 0.00011567965124646596
96 6.916803877611585e-05
97 2.4072232404782734e-06
98 6.67393712599529e-05
99 7.984998827544417e-05
100 0.00012006703517351606
101 8.461491805585108e-06
102 0.0001291076937186529
103 7.269988603751905e-05
104 9.296940930270938e-05
105 1.1051249399791043e-05
106 7.062362776330396e-05
107 0.00011198065592374226
108 0.00011753929026232583
109 3.4496747089696804e-05
110 0.00013483398877378616
111 0.00014152233512482719
112 6.499946016828711e-05
113 9.378119895526843e-05
114 0.00011727774814787706
115 0.00013414819504827075
116 5.950479266521912e-05
117 7.400559071694729e-05
118 8.552766448063779e-05
119 9.668085075203703e-05
120 3.283175757093581e-05
121 5.746241933528455e-06
122 5.599368114921348e-05
123 9.257057172487971e-05
124 0.00014748701257758637
125 9.953496745635849e-05
126 0.00011193457777047281
127 6.844333819165874e-05
128 3.2540995224792385e-05
129 4.036687056108979e-06
130 4.830819669350915e-05
131 6.5708712044131e-05
