0 0.014130490939874073
1 0.019624261672123326
2 0.010702638941929197
3 0.005425525589489222
4 0.005345962049627353
5 0.017610037118537373
6 0.021542740671753782
7 0.017508424497568405
8 0.012430426502265005
9 0.018469913370086414
10 0.003900155694236131
11 0.006701025837962845
12 0.022253942676174407
13 0.0074995898581119175
14 0.004512499803110449
15 0.008662838516552654
16 0.022188896114421094
17 0.0023130260987947906
18 0.020763768829171927
19 0.01696358692186394
20 0.014069347698494664
21 0.016422585172127552
22 0.016364106064190427
23 0.0030042530694420174
24 0.006793508612950385
25 0.01243942691885424
26 0.019496369472988318
27 0.009540282267055014
28 0.00674450538537336
29 0.0010876377926632898
30 0.01990380448060869
31 0.016064520684756844
32 0.012494287652211224
33 0.0006187929314923437
34 0.015125276113208668
35 0.01980875245814205
36 0.0015624364196289646
37 0.00022350905439881224
38 0.003979847587551858
39 0.0034855922709250307
40 0.014885113938808935
41 0.01745503211051151
42 0.007537884411351594
43 0.0030069116734764683
44 0.0019213382155194667
45 0.0024633795294992065
46 0.007075206996642206
47 0.022127647603652722
48 0.015298539225109396
49 0.00735497921099431
50 0.013392400396325211
51 0.01804589988369236
52 0.013644601156513853
53 0.010589689294172162
54 0.018495140416721085
55 0.00704148546008433
56 0.016600967774694667
57 0.018833137838873013
58 0.002540105207154729
59 0.002423409850517091
60 0.01733385148810374
61 0.0018686497309122261
62 0.0004323917003784721
63 0.00533856208473938
64 0.021943331818893637
65 0.019181875452149277
66 0.013584499745631133
67 0.005904592671189307
68 0.002135702247402496
69 0.004475125146857276
70 0.008018528254043068
71 0.0009942686291980693
72 0.017338782798508468
73 0.014554344689875404
74 0.009466859898166657
75 0.010716743855016697
76 0.008513699970191453
77 0.021879122029827523
78 0.0168958808546951
79 0.008094223027474447
80 0.0017229025026656085
81 0.0054240454487879865
82 0.0018003562441726716
83 0.012484116253686811
84 0.002529571784533207
85 0.01276353310925685
86 0.008943351509335925
87 0.0003754901018297479
88 0.0005563279046827348
89 0.022133568785315208
90 0.012480270939335243
91 0.015872608341538773
92 0.011360345663665594
93 0.019221399325399083
94 0.0006347313174784296
95 0.01226481029731237
96 0.021196212997586127
97 0.008931108066948888
98 0.015574650646770511
99 0.01519571772833856
100 0.01127476894197597
101 0.013046384362467444
102 0.0024133382324424088
103 0.020322598481135414
104 0.007947638934806708
105 0.013626489678261924
106 0.014264993184849601
107 0.019404822081067696
108 0.008386828061444924
109 0.011443232800375446
110 0.020471996830296126
111 0.020245357058035773
112 0.01794138173751189
113 0.004065785437380281
114 0.02145658517879239
115 0.013878080619747555
116 0.020241019164288145
117 0.008527037906886236
118 0.010559552997843086
119 0.022122246964964218
120 0.0033854188595044913
121 0.014661597440392637
122 0.018121978121081794
123 0.01876819670330858
124 0.000203690363662732
125 0.004653371961324234
126 0.006924318951819743
127 0.01904995382966298
128 0.01184315462376613
129 0.005490558014141235
130 0.0058260954725194575
131 0.020783907937316312
