4860
4887
5253
4052
5847
4352
4451
5913
4270
5338
4913
4679
5082
5709
4967
5629
5795
4613
4893
4928
4795
4104
5589
5072
5374
5621
5246
5990
4931
4508
4276
4081
5492
5035
5059
5041
4867
4432
4930
4284
5190
5516
5529
4935
4587
5897
5849
4373
5259
5083
4182
5155
5026
5368
4205
4564
5741
5762
5960
5373
5788
4748
4765
5741
5888
5023
4804
5487
4613
5209
4974
4339
5737
4207
4072
4602
4720
5300
4860
4427
4687
4566
4746
5493
4042
5487
4707
4381
5756
4236
4750
5519
5886
4403
5226
4888
5814
5223
5539
4542
5251
5101
5468
5294
4387
4964
4263
5545
5324
5500
4835
4019
5038
4997
4525
4068
5544
5625
5848
5490
5807
5138
5798
5337
5131
