5066
5328
4093
4191
4840
4017
5199
5008
5128
4639
4200
5327
4985
5219
4087
5178
5465
4593
5183
4772
4053
5839
5409
5851
4343
5227
5840
4199
4107
5186
5844
4067
5164
4308
4611
4367
5891
5526
5632
4370
5551
5868
5464
5025
4202
4280
4742
4341
5279
4507
4770
5801
5455
4215
5693
5429
5005
5986
5240
5779
5664
4307
4986
4420
4476
5727
4000
4224
4202
4687
4348
5949
5327
4522
4897
5002
4843
5581
5760
5229
4254
5809
5849
5217
5893
5109
4568
5135
5898
5442
4250
4078
4415
5060
5775
5302
4657
5730
5544
4484
5884
4669
5943
5564
4003
4624
4187
4730
4088
4294
5474
4735
5911
5665
5987
4262
4246
5198
5765
5338
5016
5060
5328
4439
5716
