5571
4538
5279
5868
4347
4051
5803
4418
5492
5614
5049
5268
4015
5659
4457
4624
5836
4864
4464
4799
5937
5595
5647
5969
5111
4735
5384
5380
4009
5626
5112
4036
5332
5898
5101
5115
4566
5152
4815
4608
4773
5708
4862
4753
5557
4623
5072
4991
5493
4751
5030
4686
4224
5461
5484
5378
5222
5198
5226
4284
5039
5287
4554
4706
4430
4008
5395
5773
5791
5251
4140
4978
4591
5468
4705
4680
4576
4701
5372
5500
5551
5273
5531
4744
4170
4298
5421
5011
4469
5178
4177
5282
4699
5113
4933
4697
5575
5433
4300
5370
5778
4639
5936
5490
4559
5584
5190
4577
5488
5236
5536
4578
4699
4186
4286
4444
5443
5016
4171
4662
4162
5567
5991
4866
5900
