5424
4257
4043
4122
5411
5867
5232
4912
4482
5681
4007
4124
5551
4429
5589
5329
4983
5835
4109
5693
4040
5487
5123
4690
5720
5037
4997
4913
5878
5095
4079
4688
4270
5129
4230
4996
4831
4384
5386
5019
5169
5196
5000
4729
5296
5660
5827
5209
4203
4946
4142
4314
4122
5680
4986
4314
5609
5034
4944
5221
4356
4751
5959
4122
5671
4888
4123
4125
5631
4822
4757
5498
5545
5573
5547
5456
5924
5840
5630
4674
4391
4935
4608
4030
4084
5730
4822
4142
5891
5550
5088
5795
4646
4753
4223
4273
5601
4790
4083
4701
4496
5035
5672
5378
5981
5371
4278
4281
5220
5123
5533
4849
5178
5438
5182
5296
4078
4293
4792
5456
5184
5058
5050
4792
4076
