4293
4462
4700
4266
5111
4133
4816
4634
4743
4998
4096
5199
4348
5367
5868
5915
4996
4835
5498
4742
5417
5202
4572
5670
4137
5066
5226
5150
4065
5404
5514
5050
4207
5788
4637
5057
4719
4447
5536
5457
5043
5193
4795
4781
5868
4717
5714
4690
5851
5605
4942
4556
4479
4115
4747
5256
4893
5412
5133
4677
4130
4147
4927
4892
5078
4562
4278
5405
4900
4052
5666
5905
5648
5126
5270
5368
5911
5093
5068
4875
5261
4819
5833
4474
5460
4180
4141
4171
5511
4712
5839
4701
5662
4901
4208
5685
5839
4352
5498
4798
4217
5303
4026
4899
5268
5539
4367
4939
4921
5834
5914
4180
4638
4164
5369
4555
4387
4939
4795
4999
4376
5878
4206
4675
4844
