4933
5986
4695
4103
4239
4423
5726
5189
5971
5062
4378
5645
4907
5765
5818
5130
5930
5745
5284
4001
4193
4199
4631
5438
5587
4423
4737
4281
5815
4549
4163
5956
4146
5858
4982
4749
4107
4068
5620
4887
5408
5948
5815
5993
5617
5795
5362
4366
5875
5360
4913
5212
5861
5999
4348
4118
4527
5652
4497
4291
4011
4707
5885
5271
5287
4385
5725
4489
4214
4682
5235
5193
5478
4613
4037
4116
5025
4008
4171
5036
5342
5276
4208
4130
4755
5863
5100
5747
4866
5644
4447
4905
4707
4105
5074
4278
4959
4666
5341
4660
4840
5707
4349
4410
4772
5038
4816
4202
5967
4661
5952
5764
4596
5168
5820
4883
4407
4295
4562
5200
5195
4939
5980
4935
4266
