5333
4391
5917
4590
4379
5656
5614
4292
4508
5906
5650
5952
4556
4590
4583
5241
4839
5334
4972
4682
4171
4644
5147
4375
5689
4619
5813
4232
4384
4012
4140
4178
5086
4806
4203
5449
5064
5437
4366
5356
5864
5765
5785
4586
4522
4188
5088
4369
5935
5690
5044
4383
5822
4904
5695
5769
4036
5917
5102
5998
4509
4235
4652
5141
4110
5229
5533
4958
5836
4881
4590
5672
4632
5966
5059
5260
5242
5137
4074
5705
5263
5604
4740
5882
5654
4597
4182
5414
4736
4644
4386
4796
5270
5249
5632
4435
4822
4778
5455
4185
5194
5752
5214
5328
4571
4909
4005
5102
4391
4239
4088
4450
5042
4670
4168
5384
5960
5538
4267
5513
4340
4467
4564
4843
4159
