5543
4271
5880
4173
5556
5762
4385
5096
4675
5278
4498
4513
4014
5496
4099
5397
4236
5482
5669
4474
5652
5953
4309
4571
4490
5753
5987
4176
4216
5178
4127
5201
4827
5180
5429
4586
5194
5177
4298
5296
5643
5307
5042
5998
4984
5057
5897
4285
4982
4469
4559
4503
4127
5051
4169
5734
5731
4270
5802
4325
5155
5881
4594
5019
5947
5651
5153
4768
4262
4385
4956
4304
4239
4156
4079
5258
4553
4856
4593
4557
4022
4973
5001
4080
4915
4541
4377
5778
4009
5232
5869
5919
5588
5858
4360
4499
5109
5584
5474
4491
4409
5734
4102
4152
4762
5223
4135
5387
5673
4031
4543
5270
4090
5517
4254
5421
4456
4314
5871
4735
5980
5882
5741
5541
5015
