5646
4840
4233
5190
4758
4334
5609
5067
5912
4221
4856
5661
4243
4068
5169
4301
5510
5868
5366
5550
5624
4472
5345
4244
5883
5409
4497
5983
4491
4933
5519
5060
5982
4473
4775
4616
5385
5187
5110
5603
4768
5412
4682
5144
5922
4838
5071
5434
5212
4044
5157
5138
4911
5252
4820
5087
4397
5991
4611
4633
4845
5808
5198
4676
4642
4629
5197
5635
4074
4957
4826
4507
4046
4395
5736
5277
4117
5674
5800
4394
5785
5985
5169
4931
5118
4642
4316
4337
5774
4659
4991
5321
5315
5731
4204
4732
5409
4480
5822
4530
5941
5978
4307
5192
4735
4488
5458
5274
4236
5615
5064
4719
4860
4869
5328
5059
4226
5019
4238
4571
5913
5241
5198
4964
5103
