5637
4444
4979
5712
4507
5293
4036
4637
5521
4151
5689
5332
4046
5033
4584
5346
4518
4991
5134
4897
4992
4286
4097
5123
4030
5218
4791
4019
5371
4808
5519
5926
4016
5363
5710
5009
5459
4819
5927
4509
4749
4932
5865
5613
5709
4703
4978
5084
5411
4304
5491
5885
5109
4344
4981
5585
5781
4333
4788
5253
5853
4631
4828
5399
5998
4206
4469
4534
4095
4304
4992
4754
4135
5143
5509
5567
4476
5009
4589
5880
5708
4220
4976
4862
5591
4924
5101
5119
5784
5329
4204
4822
5322
4470
5907
4528
4187
4059
4872
4762
4332
4191
4571
5970
4897
4502
5481
4005
4325
5049
5074
4099
5644
4053
5222
4690
4078
5850
5014
4422
4932
4359
5987
4192
5037
