5936
5500
4684
5324
4304
5907
4186
5217
5783
4609
5056
4303
4140
5193
5346
4508
4682
4012
4566
4017
4049
5351
5302
5319
4121
4504
4843
5024
5080
5007
5100
5002
4193
4591
4993
5694
5086
5784
5277
4303
4024
4788
4223
5613
4390
5617
4468
4873
4385
5150
5024
5275
5058
5580
4867
4101
4092
4832
4994
4903
5098
5510
4096
5428
5417
4804
5452
4746
5147
5627
5863
5602
4094
4269
5771
4186
5224
5915
4987
4215
5541
4938
5313
5422
5918
4371
5060
5080
4344
4563
5857
5029
4032
4098
5966
4870
4061
4762
4972
5693
5451
5196
4292
4930
4804
5762
4908
4389
5085
4363
5027
5174
5804
5947
4316
4778
5194
4086
4083
4880
5663
5545
5651
5129
5846
