5790
4673
4754
5453
4888
5346
4959
4108
4527
5182
4839
4711
4278
5845
5026
5547
5823
5695
4442
5976
5262
5969
5470
5971
5094
5519
4678
4687
4192
4803
4802
5600
5101
5970
4106
4164
4912
5331
4333
5145
5294
5675
4658
4181
5668
4181
5090
4985
4458
4377
5188
4972
5479
4118
5042
4358
5232
4193
4685
5296
5800
5888
5411
4956
4475
5492
5058
4507
5124
5525
4542
5560
5946
5700
5046
5986
4161
5798
5562
4570
5944
4305
5594
4661
4433
4458
4072
4620
4456
4983
4007
5812
4072
4857
4406
4417
4797
4929
4025
5111
4971
4626
4255
4222
5716
5166
5565
5195
5455
4619
4167
4868
5519
5606
4092
5603
5825
5512
4807
5127
4522
4746
4812
5187
4209
