5425
5932
5645
5965
4444
4037
4253
4155
4531
4024
5831
4722
5510
5496
5388
4537
5524
5139
4536
4684
5277
4472
4107
5225
5560
4787
4640
4841
4742
4087
4414
5696
4792
4466
5411
4034
5134
4302
4033
4683
5673
5895
4218
5473
5242
5119
4289
5498
4428
5601
5209
5830
4462
4620
4925
4447
5365
4294
4128
4737
4790
5874
4976
4146
5619
4451
4181
4933
4308
5476
5261
4178
4031
4973
4591
4726
4328
4658
4868
5205
4009
5951
5758
5225
4391
5530
5220
5928
4624
5430
4759
5123
5160
4377
4043
4767
5445
5460
5890
4688
5677
5131
5079
5469
4304
5964
5479
5514
4581
4697
5258
4403
4298
5726
4401
4876
4358
4810
4051
4403
5697
5209
4061
5436
5870
