4333
5486
4429
4998
5203
5291
5875
4891
4792
4331
5957
4150
5769
5065
5156
4601
5083
4033
4062
4790
4328
5116
5074
5160
5146
5912
4774
4944
4299
4012
5544
4563
4993
5780
4065
4662
5291
5483
5156
5997
4697
4244
4322
5503
4968
4002
4800
5129
4030
4157
4688
5098
5316
4577
5295
4245
5894
4654
4931
4610
5956
5250
4086
5542
5530
4778
4676
4015
4403
5503
4957
5201
4693
4872
5898
4297
4508
5223
5644
4687
4238
5248
4010
5235
5635
4473
5968
5331
4334
4721
5021
5107
4249
5977
4417
5661
5901
5366
5609
4192
5544
4406
5768
5665
4131
5542
5468
5693
5895
5560
5083
5464
4300
4626
4659
5859
4044
4972
5148
4297
5459
5768
4050
5174
5511
