4659
4328
5525
5771
5179
4428
4427
4022
4149
5191
5399
4456
4455
4107
4469
4416
4706
4610
5131
4522
5627
4432
5993
4424
5859
5686
4472
5777
4230
5598
4986
5301
4486
5232
5535
4760
4124
5621
4880
4302
5599
5847
4711
5258
5002
4836
4304
4596
5957
4866
4197
4690
4484
4839
5549
5721
5060
5867
4228
5059
4618
5852
4297
4500
5421
5205
5914
4031
4339
4084
4290
5590
4766
5732
5095
5394
5084
4555
4449
5856
4331
5640
4474
5276
5910
5843
4765
5512
4552
5192
5378
4727
4432
5491
4211
5476
5323
4506
4086
4966
5411
5025
5116
5295
5890
4410
4459
4627
5888
4422
5725
5835
4271
4223
4369
4612
5581
4158
5432
5311
5504
4513
5194
4941
4883
