5430
5546
5327
5985
4568
5732
5050
5844
5344
4482
4900
5443
4555
4535
4689
4240
4217
5072
4467
4098
5971
4745
4755
5107
5126
4117
5193
4777
4377
5885
4351
4470
4196
4815
5608
4298
5849
5450
4640
4686
4129
4869
5559
4213
5817
4580
5483
5057
4135
4001
5748
4540
5095
5251
4172
4159
5674
4058
4722
5591
5710
5058
5283
5805
4497
4267
5242
5793
4936
5370
4313
5120
4309
4322
5734
5972
4272
5777
4600
5039
4935
4707
4722
4564
4605
5222
5541
4971
4283
5765
4702
5051
5889
4490
4224
4270
5169
5120
5057
4513
4261
5984
5317
5414
5561
4826
4702
5078
5968
5976
5748
4448
5291
4979
5842
5587
4831
4071
5445
5119
5032
5998
4636
4680
4805
