5192
5844
4563
4324
5527
5157
5863
4502
5162
4400
5852
4484
5264
4323
4743
5899
4779
5082
5559
4185
5429
5146
4461
5130
4002
4733
4142
5735
5563
5755
5270
5010
5285
5035
5897
5834
5519
5415
5552
5652
5008
5319
4555
4130
4533
4016
4788
5270
4631
4084
5397
5644
5663
5818
5608
4759
4568
4943
4768
5792
5921
4354
5969
5036
5965
4817
4734
5891
5791
5525
4757
4893
5796
4491
4020
5011
5388
4162
4605
4056
4964
4646
5283
4174
5757
5919
4326
4072
4028
5075
5325
4340
5660
4301
5809
4187
4299
5679
4932
4474
5992
5777
4843
4776
4714
4917
4193
4847
4280
5284
4570
4597
4319
5450
5589
5051
5805
4410
5365
4786
5007
4552
5906
4727
5440
