5200
5960
5985
4723
4513
5305
5497
5493
4430
4092
4089
5437
4092
5450
4460
5443
4438
4969
5137
4418
4710
5345
4995
4602
5917
5753
4618
5285
5292
5677
4589
5862
4847
5646
5584
4427
5777
5804
5643
4859
5412
4117
5149
4089
5485
5296
4463
5616
4978
5588
4846
4826
5585
4709
4351
5254
4788
5908
4583
4916
5054
5744
4659
4010
4619
5044
4798
5096
5864
5951
4541
4964
5754
5505
4725
5664
5509
4717
4726
5697
4473
5229
5419
5995
5982
5723
4453
5385
5975
4886
5075
5028
5947
4414
5401
4982
4365
5236
4234
5513
4497
5378
5135
4221
4968
5778
4115
5116
5990
5011
5949
5682
4910
4116
4325
4260
4513
5176
5687
5041
5554
5582
4589
4573
4023
