5784
4585
5264
5429
4691
5239
5329
4754
4214
5989
4951
4466
4889
5679
5055
5828
4075
5028
5168
4664
4040
5732
5288
4785
5279
5890
5210
5094
4052
5734
5665
4855
4719
5044
5433
4452
5156
4086
5636
5416
5041
4129
5185
5734
5457
5481
5805
5655
4344
5788
4304
4246
4349
5542
4655
4894
4087
4040
5029
4354
5592
4736
5288
4283
5799
4765
5172
5586
4895
5812
5072
4530
5673
5126
4676
4362
5222
4445
5465
4904
4567
4439
5194
5241
5154
4409
5795
4830
5237
5256
5737
4989
5363
4515
4021
4745
5154
4145
5318
5166
5138
5308
5675
4006
5049
5409
4022
4739
5757
5115
4260
4417
5417
4804
4261
4648
5500
4213
4440
5409
5546
4332
5628
5298
4697
