5463
5155
4602
5003
5192
4896
5421
5220
5774
4726
5232
4068
4093
4795
5117
5257
5924
4417
4813
5478
5458
5230
5715
4429
4935
4200
4189
4992
4589
5730
4076
5180
4218
5531
5835
5658
5152
4522
5903
4479
4644
4173
4770
4413
4852
5656
5400
4109
5836
5221
4578
4003
5200
4672
5672
5145
5713
4258
5346
4731
4904
4015
5612
4633
4212
5390
5649
5281
4879
5145
4448
5904
5214
4011
4301
5203
4102
4842
4014
4804
5596
5722
4539
5470
4541
5353
5729
5318
5432
5801
4606
4990
4144
5166
4645
5718
5639
4478
4893
5882
5956
5286
4323
4142
5290
5942
4355
5596
5934
5677
5411
5262
5912
5202
5256
4658
4257
4968
4955
5600
4267
4200
5798
5522
5444
