4699
5160
4626
5990
4021
4132
5004
4958
5927
5257
4016
5529
5587
5929
4321
5420
4563
4502
4290
5162
4784
4279
4355
5542
4058
4313
4359
5616
4810
5344
5281
5776
4885
4445
4844
4322
4974
4737
4454
4147
4788
4284
4233
4746
4773
5985
4662
5941
5425
4769
5762
5755
4642
5856
5519
5987
4757
4269
5614
4839
5391
5588
4279
4554
5802
5335
4920
4620
4956
5567
4318
4850
5442
4833
5717
5985
4139
4115
4340
4512
4425
5049
5437
4950
4105
5620
4769
4233
5102
5804
4714
4045
4850
4474
4277
4184
4297
4588
5119
5537
5443
4341
5863
4698
4026
4259
5721
4212
5378
4938
4939
4151
4859
4428
5662
5900
5789
4552
5371
4458
4940
4544
5056
5444
5220
