4249
5506
4124
4681
5670
5699
4629
5373
5561
5455
5443
4935
5007
4090
5023
4912
5851
5314
4040
5311
4738
4186
4097
4730
4034
5942
5323
5718
5786
4057
4639
4622
4560
5124
4317
4048
5516
4505
4209
4158
4931
5089
5539
4612
4529
4730
4212
5652
4748
5191
4207
4682
4401
4606
5752
5569
4854
5577
4365
4156
4750
4635
4401
4344
5938
5599
5423
4509
5763
5104
5681
4526
4769
5473
5602
5123
4277
5080
5434
5572
5356
4541
4862
4568
5456
5872
4562
4093
5266
4966
4145
5606
4049
5326
5153
5794
5181
4501
4953
4304
5759
4539
5897
5998
4707
5264
5642
4876
4683
5433
4810
4740
5120
5741
4504
5576
5655
5272
5367
5948
5494
5503
5368
5914
4867
