5163
5636
5969
4891
5021
5457
5693
4770
5495
4169
5925
4928
4531
5238
4281
5750
5286
5956
4484
4289
5207
4020
4790
5741
5319
4945
5912
4416
5804
5720
5507
5854
4201
5688
5282
5832
4957
4963
5602
4142
5456
4688
4219
5453
4611
5897
5079
5652
4265
4631
5903
5804
5775
4119
4717
5982
4385
4597
4590
5842
5074
5643
4026
4766
4186
4156
4561
4884
4152
5768
5282
4925
4171
4141
5624
4713
5694
5713
4893
4711
4673
4103
5831
4494
4107
4094
5081
5421
4978
5826
5460
4246
5871
5943
5124
4643
5587
5085
4972
5958
4686
4037
5820
4279
4165
5131
4725
5408
5183
4789
4490
5909
4588
4711
5945
4956
5169
5231
5589
5650
4641
4577
4421
5165
5769
