4181
4433
5022
4536
5769
4374
5565
5336
5706
5572
4484
5003
5253
4137
5299
4050
5173
5189
5040
5046
5791
4743
4573
4349
4490
4662
5324
5732
4382
5651
5373
5390
5369
4402
5367
4088
4903
5054
5684
5654
4963
5335
5481
4017
5719
5872
5376
5741
4129
4015
5658
5529
4262
5704
5682
4092
5070
5411
4694
5266
4071
5636
4625
4772
5474
4385
5922
4156
5089
5804
5620
5675
5051
5688
5468
5660
4507
5385
4105
4270
5257
4763
4018
4723
5505
4621
4573
5119
4785
4261
5714
5296
4156
5834
4192
5027
4799
5317
5076
5279
4681
5222
4607
4797
5194
5089
4462
4952
4861
4111
4081
4289
5594
5813
5379
5530
5055
4652
5335
4425
5060
4803
5870
4695
5368
