4468
4488
5719
5669
5577
5642
4393
5076
5323
4972
5488
4250
5517
5643
5193
4488
4585
5826
4984
4950
4023
5476
4406
5346
5436
5315
5306
4117
5087
4100
5593
5222
5367
5218
5371
5018
4766
5917
4771
5107
5685
5042
4944
4683
4343
5283
5475
5696
4600
5098
5800
4941
4857
4851
4871
5755
5677
4509
4521
4893
5273
4007
4648
4156
5639
4960
5233
4453
5694
4501
4729
4369
4263
5630
5745
5245
4528
4133
5038
5946
5390
5811
5887
4167
5039
5831
4733
4755
5056
5415
4984
4963
4613
4734
4843
5901
4158
5487
4388
5409
4615
4318
5523
4016
5927
4575
5040
4593
4153
4314
5802
5699
4448
4235
4390
5857
4200
4108
5093
4782
4246
4019
4783
4676
4090
