5770
4396
4176
4563
4697
5603
4180
4693
5041
5841
4038
4876
4320
4178
4575
4894
5582
5549
4150
5696
5694
5529
5974
4728
4377
4130
4820
5290
5331
4267
4115
5726
5680
4911
5265
4249
4080
4150
4484
5711
5544
4856
5878
5852
4170
4913
5559
4499
5274
4371
4782
4237
4873
4544
4632
5283
5388
5925
5277
5860
5597
5486
5351
5615
4725
4037
4842
4824
5705
4854
4803
5703
4803
5956
4845
5081
4428
5716
5812
4367
4541
4262
5414
5369
4599
4398
5534
5778
5955
4473
5446
5257
4240
5623
4786
5882
4363
5130
5475
4429
5750
5027
5329
4254
5249
4212
5094
4737
4333
5989
5669
5493
4747
5945
5289
5177
5797
5144
5866
4439
5490
5120
4217
4977
5866
