4808
4960
4527
5686
4570
5672
4012
4663
5428
5261
4977
4539
4029
5421
5208
4444
5856
5171
5509
4989
4525
4441
5683
4642
5135
4343
4963
5633
5227
4693
4723
5907
5059
5685
5251
4176
4129
5172
5852
5242
4098
5951
4969
4146
4142
5263
4326
4699
4538
4075
4008
5776
4973
4868
4019
5937
5000
4659
5911
4094
4423
4634
5890
5063
4285
4864
5298
5786
5530
4290
5976
5770
4153
5187
5597
4656
4617
5210
4344
4099
5897
4718
4836
5834
4615
4010
5729
5017
4812
4579
4973
5054
5649
4560
4655
5513
5530
5099
4853
4623
4144
4581
5631
5922
5035
5835
4307
5009
4615
4509
5408
5250
4665
4168
4029
4595
4829
5048
4694
4718
5769
5027
5960
4342
5900
