5691
5768
5954
4711
4744
5172
4425
5819
4485
5704
4237
4426
5384
5881
5002
5864
4265
4914
5488
4176
5933
4661
5964
5889
5067
4999
5657
5302
5928
4822
5232
5447
4768
5029
5193
5634
5045
4448
5370
4359
4306
4683
5980
5209
5900
5896
5354
4642
4641
4931
4948
4538
5066
5693
5354
4029
5231
4904
5242
5853
5345
4863
4893
5463
4513
4344
5795
4852
4423
4634
4987
4692
5404
4580
4051
4690
4266
5369
4388
4707
5462
4288
5006
4441
5717
4152
4206
5128
5437
4355
5250
5652
5507
5886
4874
4337
4991
4017
5953
4135
4294
4567
4210
4618
5751
4210
4417
4718
4544
5474
4455
5382
4778
5728
4910
4466
4002
4743
4186
5701
4370
5353
5294
5816
5631
