4961
4096
5290
5389
5656
4390
4757
4478
5916
4278
5788
4998
5920
5524
5772
4975
4755
4611
4614
5646
5686
4947
5465
4451
4531
5004
4102
4506
4655
5284
5096
4673
4202
5168
4363
4836
4223
4079
4020
4889
4076
4972
4905
4564
4488
5975
4894
5428
5114
4112
5009
5356
5677
5725
4673
4756
4067
5907
4019
4639
4999
4722
5347
4225
4722
5109
5686
4946
5718
5901
5385
4162
5385
5151
5084
5527
5036
4216
4669
4205
4935
4181
5869
5270
4442
4265
4113
5087
4748
4832
5194
4516
4881
5897
4404
4464
4050
5216
4526
4858
5662
4104
5167
5842
5513
5814
5887
4889
4870
4331
4089
5282
4889
4103
4424
4608
4200
4263
4761
4699
4955
4823
5281
4141
5258
