4839
5808
5294
5903
5523
5581
4126
4493
4789
4008
5102
5028
4974
5237
5302
5549
5933
4456
5971
5224
5252
5854
5239
4339
4296
5493
5907
4117
4465
4600
5361
4938
4476
4350
5280
5418
5872
5020
4471
5463
4425
5312
4001
4158
4304
4502
5784
5012
4817
5467
4354
5263
4159
5389
4307
5109
5013
4414
5866
5195
4395
5924
4025
4507
4013
5766
5716
4538
4496
5631
5138
4444
4381
5792
4485
4328
5846
5678
4232
4832
4371
4146
5504
4551
5287
4542
5020
4166
5921
4326
4303
5177
5452
5459
5339
4369
4275
4196
5051
4238
4315
5828
5977
4685
5094
4964
4556
5867
4504
5719
5566
5977
5075
5138
4550
5573
4855
5573
5536
4975
5395
4326
5349
5754
5346
