4700
4310
5379
5660
4482
5897
4878
4085
5490
5808
5607
5526
4955
4966
4982
4392
5954
4756
5225
5947
5621
4986
5677
4450
5224
4029
4425
5091
4014
5700
4831
4056
4274
5950
5716
5969
5326
4029
5331
4136
4513
5657
4152
4711
5044
4712
5794
5899
4203
5061
4809
5205
5486
4609
5303
5262
5063
5122
5856
4447
5493
4282
4015
5569
5631
4772
4828
5336
4719
5944
5968
5692
4550
5773
5014
5018
5064
4333
4210
5363
4509
4909
5471
5042
5230
4829
4519
4483
5765
5345
5435
5310
4351
4704
4499
4298
5063
4379
4425
5576
4497
4975
4377
5036
5052
4503
4793
5023
4922
5552
4608
5511
5401
4111
4034
4255
4327
4543
4291
4618
4858
4146
5492
4869
5498
