4983
4328
4572
5120
5946
5446
5591
5208
5114
4456
5756
5532
5747
5932
4058
5992
5326
5859
4836
5175
5259
5032
5373
5737
5545
5894
5354
5288
4738
4166
4126
5864
4864
4872
4690
4755
5676
5404
4987
4434
5349
4307
4239
5784
4518
5186
4816
4419
5622
4957
4324
4955
4044
4210
5576
5008
5594
4954
4222
4007
5412
4978
5491
4398
4494
4850
4527
5259
5384
5735
4826
4231
4547
5717
4657
5341
5914
5339
5164
5947
4126
4530
5459
5647
5413
5169
5487
5490
4160
4943
5709
5549
4105
4317
5110
5414
5685
4121
4344
5382
4073
4069
4452
4834
4152
4562
5625
5648
4778
5228
5391
4858
4423
5338
4268
4331
5269
4585
5488
4165
4405
5038
4477
4842
4123
