4247
5969
4018
5634
5245
5899
5179
5970
5430
4938
5348
5350
4549
5217
5242
4788
4575
5379
4536
4160
5864
5364
5174
5533
5325
4040
5657
4371
5237
4579
5982
4885
4217
5824
4743
5891
4741
4072
4907
4717
5509
4826
5182
5558
5312
4672
5862
5031
4667
5365
5657
4508
5875
5847
5546
4831
5333
4041
5386
4818
4841
4713
4659
4849
5669
4357
4299
4956
5435
4923
5603
4678
5039
5818
4986
5279
4272
5425
5142
5581
5629
5465
4093
4319
5543
4215
5106
4621
5147
4616
4066
5129
5948
5053
4814
4615
5709
5742
5947
4846
4330
4441
4675
4279
4079
4892
5336
4784
5447
5560
4124
4323
4184
4096
5993
4146
5088
5921
4536
4448
4418
5472
5757
4615
4356
