4853
5921
5806
4792
5635
4131
4023
5290
4687
4147
5482
5759
5038
4762
4774
5781
5720
4222
5683
5475
4988
5451
5948
4570
4809
5942
4196
5603
4315
4533
5563
4232
5253
5959
4303
4535
5689
4844
5947
5362
4659
4333
5887
5490
5594
5266
5066
5381
4931
5263
5518
5490
5846
5188
4782
5454
5951
4110
4002
4660
4685
4725
4137
5484
4464
5130
4317
4943
4124
5650
4780
4364
5200
5952
5055
4464
5066
5857
5862
4220
4013
5333
5108
5012
4746
5000
5157
5482
4471
4996
5588
4137
5728
4899
4511
5668
4766
4488
4588
5455
5736
5975
5204
5952
5283
4212
4643
5794
4531
4602
4729
5685
5721
5964
4064
5109
5021
4446
4647
4771
5681
5911
4288
4414
4469
