5733
4036
5030
4125
4642
4114
5012
4738
5958
5621
5802
4666
5977
5608
5596
5296
4278
4603
4863
4850
5900
5478
5917
5893
4968
5893
5472
5785
5447
5966
5506
5223
4524
4731
4416
5730
5665
5292
5648
5065
5932
5241
4817
5260
4082
4833
4165
4498
4392
4924
5154
4421
5418
4669
4815
5114
5225
4530
5687
4966
4947
4902
4844
5925
5831
4623
5960
4274
5040
5137
5872
4232
4279
5386
4647
5117
5874
5983
4730
4345
5131
5614
4576
4306
4051
4700
4896
5159
4733
5065
4344
4102
4585
4027
4388
4469
4598
4309
4083
5369
4924
5354
5821
5794
5586
5385
4567
4719
4478
4034
4067
4704
4463
4487
5988
4577
4256
4501
5318
4047
5295
4734
5592
5917
4201
