5350
5987
4444
4899
5463
5262
4064
4421
5941
5118
5322
5791
4078
4846
5111
4485
5809
5628
5800
5268
5784
4356
5878
4278
4838
4675
5132
4782
5340
5585
5701
4260
5229
4849
5255
5293
5196
4913
4535
4505
5588
4989
4452
5398
4442
5997
5995
4869
4267
4693
5778
5084
4433
5939
5819
5160
4493
4838
4581
4788
4600
5568
5112
4227
5351
5546
4002
4403
5659
4211
4344
4671
4369
4832
5319
5137
5725
5730
5466
4252
5043
4489
4227
4474
5285
5751
4458
4776
4026
4858
4239
5978
4916
4947
4850
4380
4960
5739
4641
5418
5472
4077
4718
4174
4173
4722
4534
4496
4874
4731
5622
5620
5635
5599
4905
4393
5399
5743
4056
5576
4914
4032
4649
5405
5269
