4503
4216
5575
5591
4843
5730
4501
5791
5948
5892
4636
4343
4818
4911
5557
4494
5205
5717
5899
4871
4864
5982
4027
4647
5937
5534
4844
4220
4121
4873
4974
5002
4689
4059
4183
4446
4214
4560
5953
5561
5520
4589
5358
4722
4031
5460
5494
4420
4158
5330
4906
4762
4332
4404
5896
4442
5689
5602
4190
5235
4532
5791
5606
5708
5424
4728
4153
5610
5281
5144
5028
4156
4597
5605
5238
5169
5137
5030
5019
4454
4347
4077
5147
5247
5070
5763
5328
4675
5455
4562
4746
5656
5178
4139
4700
4812
5975
5802
5489
5893
4119
5370
5507
4960
5311
5777
4101
4181
5826
4754
5714
4904
5481
4992
5791
5126
4558
4018
4672
4382
5348
4118
4824
5570
5411
