4757
5171
5631
4591
4647
5540
4998
4124
5706
5917
5362
4929
5818
5841
5104
4223
4330
5806
4951
4047
5472
4415
5765
5964
4598
4856
5657
4367
4856
5394
5447
4468
5853
5815
5014
5743
5327
4749
4002
4478
5725
5927
4265
5668
4296
4027
5356
5568
4101
5467
5895
5011
5686
4271
4658
4086
5225
5513
4381
5968
4244
4014
5436
5307
5458
4366
4922
4104
5995
5845
4668
4936
4854
4843
5189
4348
5139
4494
4392
4265
4988
5484
4629
5700
4604
4077
5916
5941
4132
4488
5316
4253
4614
4570
4431
4646
4827
4022
4765
5937
5785
5878
5501
5519
5236
5742
5876
5581
4736
5244
5003
4692
4879
5877
4430
4987
5860
5371
5446
5314
4445
5408
5115
4531
5383
