5369
5704
5951
4235
4895
5155
5684
4079
5975
5083
4885
4860
5064
4281
5091
4482
4553
4520
5310
4899
4227
5574
4703
4818
4111
5112
4345
5085
4381
5046
5034
5320
4701
5366
4199
5736
4535
5625
5636
4595
5242
4653
4217
5679
5032
4852
5578
5526
5936
5742
5752
5737
5804
4582
4983
4210
4290
5404
5218
5083
4011
4513
5784
5541
5748
4193
4392
5371
5373
5748
4677
4916
5659
4877
5829
5367
5895
4964
4486
4796
5973
5129
5367
4262
5999
4696
4885
4903
4520
4663
5394
4178
4424
5803
4180
4829
5780
5412
4418
5984
5155
4750
5185
4338
4829
4983
4080
4991
5997
4724
5475
5348
5816
5191
5723
5359
4185
4272
5962
5377
5223
5754
5613
5150
4891
