5646
5859
4957
5250
4564
5033
4424
5588
4315
4984
4800
4952
5767
4008
4164
4323
4081
5652
5965
5640
4064
4428
5157
4492
5232
5211
4408
5373
4941
4944
4677
4808
4883
4002
5932
4898
4621
4718
5861
5948
5552
5700
4656
5007
4398
5777
4162
5657
4162
5714
5584
5862
4511
4874
5441
4194
4542
5436
4237
5905
4626
4796
4821
4912
4775
5621
5020
4328
5382
5521
5760
5802
5234
5906
4839
5165
5651
5111
4011
4751
4781
4964
5115
5110
5185
5435
4025
5505
4875
5809
5423
5753
4254
4479
5766
5508
4667
5716
4002
5625
5155
5019
5236
4535
4088
5887
5848
5407
5233
5654
5472
5655
4467
5954
4711
5071
5793
5662
5280
5027
5943
4524
5300
5564
4065
