5989
4911
5747
5346
5453
4842
5572
5758
5494
4995
4915
5528
4614
4392
4376
5884
5346
5372
4759
5101
4780
4046
5833
4111
4942
5444
4237
5897
4346
4939
4777
5449
4346
4469
5385
4806
5687
5833
4935
5944
5441
4669
4390
4621
5704
5089
5917
5206
5164
5712
4418
4487
5887
5342
4357
4141
5421
5667
5731
5332
4454
5527
4492
4929
4367
4332
4264
5279
4384
5916
5226
5830
5326
4347
5850
5538
5071
4331
5911
5921
5797
4872
5702
5586
4868
4924
4862
5687
4052
4301
5039
4426
5961
5114
4416
4321
4631
4626
5561
5288
4863
4191
4062
5545
5399
4049
5657
4734
4044
5484
4306
4802
5675
4435
4629
5053
5150
5592
4999
4033
4880
4171
5242
4876
5923
