4946
5321
5783
5579
5728
5043
5172
5744
5045
5060
4488
5916
5773
4185
5358
4041
4360
4579
4037
5895
4159
5784
5998
4858
5139
4967
5736
4641
4141
5526
4594
5578
4062
5953
5593
4898
4221
5245
5105
4349
5818
5610
5539
4605
5167
4162
5504
5625
4870
4184
5495
5088
5707
5804
5827
4029
5053
5330
5383
4852
5643
5717
5497
5738
4546
4377
5264
4423
5766
5599
4599
4494
4273
4182
5012
4510
4066
5131
4366
4510
5361
5988
5171
4379
4753
4476
5769
5490
4392
4425
5871
5515
4711
4204
5149
5978
5216
5393
5029
4616
4290
5475
4186
4609
4005
4518
5135
5076
4329
4726
4688
4472
5156
4135
4537
5791
5506
4627
4251
4970
4661
5951
5356
4093
4733
