5570
4663
4606
5388
5783
4785
4060
4511
4759
5030
4629
4201
4123
4485
5394
4272
5958
4154
5410
4224
5782
5841
5691
4040
4475
5823
5147
5807
4957
4735
5768
5526
5153
5511
5652
4543
5069
4754
5019
4927
4918
4099
5185
4053
4255
4692
4835
5735
5910
5224
4526
4447
4412
5256
5564
5798
5222
5135
4067
5849
4857
4961
5911
4135
4398
4412
5166
5810
5772
5712
4932
5836
4376
5701
5017
5148
5281
4715
4650
4785
4034
4795
5201
4599
5714
4052
5671
5281
5838
5118
5456
4612
5717
4333
4623
4251
4867
5502
5622
5121
5317
5039
4050
4536
5027
4959
5120
5794
4773
4806
4534
4507
5989
5411
5548
5839
4536
5016
5722
4650
4032
4791
5556
4031
5232
