4004
4512
4177
4755
4853
4712
4829
5235
4015
4659
5899
4996
4076
4906
4980
4193
4319
5645
5234
4927
5928
5652
4325
4232
5035
4743
4591
5606
5777
5126
5629
4156
5558
4746
5691
4221
4003
5173
4562
4402
5543
4659
5817
5187
5765
5520
4569
4218
4846
5656
4991
4201
4285
4954
5850
5712
4763
4505
5219
5980
4333
4240
5870
5425
5942
4082
5032
5665
4938
5311
4508
5025
5236
4265
4502
5820
4148
4705
4037
5279
5901
5725
5720
4974
4179
4591
4160
5114
5286
4020
4356
4929
5984
4623
5731
4605
5885
5976
4049
4524
4512
5854
5544
4556
5285
5164
5079
5605
5825
4185
5616
5150
5875
5574
5997
5772
4697
4608
4878
4727
5498
4407
4230
5629
5026
