5845
5978
5170
5745
5970
5645
4382
5897
4783
4553
4285
5568
5160
5541
5898
5397
4246
4676
5880
5803
5847
4845
4757
5267
5592
5981
5801
5990
5690
4743
5821
4398
4302
5785
4300
5023
5573
5379
4331
4250
5600
4085
4112
4807
5831
4022
4687
5799
5505
5548
4261
5159
5621
5375
5901
5676
4162
5912
5764
5534
5475
4921
5497
5977
4932
4652
5671
5535
5972
4779
5886
5764
5188
5157
4683
5559
4834
4671
5428
5691
4351
5411
5189
4046
5771
4134
4261
5761
4837
5761
5519
5200
4458
4998
5482
5410
5966
5242
4869
5850
4993
4774
5513
4173
5293
5754
4481
5225
5359
4185
4082
4932
4074
4430
5289
4512
5677
4823
4813
4525
4643
5274
5834
4303
5987
