5406
5655
4432
5449
5130
5515
4748
5668
4210
5756
5151
4354
5040
4113
4740
5548
5658
5092
5147
5454
4400
4137
5974
5168
5237
5067
4725
5996
4822
4223
4703
4210
4837
5950
4893
5833
4606
4307
5005
4336
5497
5401
5249
4066
4715
4915
5772
4537
5533
5734
4198
5674
4508
5055
4285
4216
5044
4628
5049
5856
4667
4747
5574
4213
5906
5450
5791
4808
5666
5358
5093
4158
5537
5588
5465
4673
4472
5630
5811
4996
4179
4491
5752
5403
5786
4375
4808
4875
4391
5468
4316
5045
4693
5617
5660
4856
5075
4678
5709
4151
5685
5771
4926
5960
4666
5877
5889
5103
5591
5977
4224
5081
4414
4080
5172
4937
5514
4917
4102
5217
5471
4319
5914
4908
4833
