5913
5258
4629
4785
4245
4432
4863
4320
5132
4651
5727
4873
4158
4888
5737
4276
4241
4188
4007
4228
4307
4007
5973
5077
5105
4415
5407
5335
4897
5772
4037
5415
5843
5001
5121
5359
5031
4228
4452
5457
5463
5142
5034
4522
4286
5016
5303
4711
4414
5219
4991
4052
4461
4605
4645
5757
5221
5417
4086
4513
4300
4656
5575
4857
4774
5527
5411
4349
5316
4391
5704
5066
5173
4646
5640
5979
5010
5032
5368
5590
5692
4476
5720
4475
5182
4569
5277
4166
4882
4762
4153
4872
5026
5397
4326
5312
4858
4019
5192
5985
5692
5621
4275
4720
4462
4350
5686
4970
4572
4149
5709
5566
5815
4989
4421
5567
4302
4139
5705
4196
5212
4660
4123
5205
4127
