4740
5351
5995
5539
4507
5237
4884
5155
5238
5199
5784
5061
5432
5144
4315
4492
5294
4036
5916
5720
4086
5066
5608
5407
4218
4751
4141
5836
4625
4110
5833
5458
5996
5167
4926
5463
4517
5908
4856
5111
4176
4595
4455
4178
5565
5660
4600
5915
4015
4941
5671
4847
4507
4841
4942
4165
5263
4364
5381
4735
5397
4872
5854
4422
5735
4284
5441
5573
4638
5781
5213
5465
4091
5104
5988
5287
4207
4295
4972
5793
4052
5856
4383
4119
4422
4908
5936
5234
5211
5286
5263
5258
5030
5852
5924
4344
5691
4057
5869
5715
4515
4799
4172
4731
5674
5922
4053
5134
4940
4255
5813
4620
4265
4861
4484
5732
4815
4957
5922
5036
5373
5742
5553
4137
4629
