4024
4693
5490
5339
4042
5973
4750
5888
5514
5817
4001
4405
4749
4719
5863
5021
5678
4034
4171
4945
5408
4113
5745
5502
4025
4464
4860
5835
4530
4706
5202
4909
5791
4401
5383
5945
5045
5780
4795
5513
5841
4602
5554
5492
5351
5632
4534
5960
5805
5856
5864
4906
4767
4185
5397
4614
4222
5967
4986
4914
4263
4828
4243
4057
4614
4768
5064
5679
5461
4895
5709
5005
5562
4185
4853
5919
5214
4675
5387
4760
4753
5140
4815
5670
5998
5521
4746
4192
4876
4868
4394
5246
5026
5801
5381
5980
4299
4247
4228
4359
5077
4581
4154
4511
5216
4588
5794
5062
5945
5791
4503
4576
4527
4955
4931
5767
4426
5149
4163
4518
4682
5124
4136
4006
5937
