5090
5500
5625
5334
5223
4862
5496
4073
4114
4803
5434
5303
4127
5890
4715
4616
5598
5775
4833
5154
4163
4029
5535
4087
4340
4106
5089
4500
4974
4104
4455
4095
5603
4520
4266
5353
5673
4331
4212
5479
5079
4740
4279
4381
4434
4218
5515
4015
5884
5567
5893
5166
4343
4905
4466
4624
4819
5822
5056
4124
4328
5210
4785
5424
4425
4069
5406
4008
5758
5935
4222
4623
4468
4461
5086
4866
5333
4624
5562
5925
5894
5205
5505
5108
5235
4073
4911
4954
4325
5343
5788
5126
5180
4789
4914
5769
5888
5710
5342
4069
5238
5659
4775
4698
4609
4371
5622
5303
4587
5083
4398
5774
5166
4987
5617
5037
5144
5577
5178
4779
4335
4911
4553
5054
5602
