5428
5000
5234
4282
4567
5695
5904
4279
4657
5865
4532
4224
5442
5967
4394
4976
4159
4313
4552
4736
5689
4140
5870
4905
4434
4745
4301
4436
5984
5906
5669
5390
4391
4845
4593
5561
4330
5994
5677
5600
4596
5878
5851
5520
4358
4960
5059
5027
4124
4207
4408
4458
5970
5884
4374
4542
5623
4606
5228
4900
4897
5683
4913
5138
4667
5401
4881
4383
5512
5530
4377
5294
4951
4759
4573
5333
5410
5339
4468
5660
4116
5459
4867
4105
4106
4077
4267
4785
5720
4938
5624
4760
4094
4362
5429
4711
5173
4049
4088
5666
5438
5925
5251
5066
5541
5802
4691
5386
4647
4711
4937
5222
5285
4904
4127
5421
5787
4573
5434
4285
5227
5979
4219
5699
5495
