4404
4558
4377
5937
5572
4424
5613
5319
4328
5467
4576
4983
4683
5349
5743
4745
5996
5241
4028
5009
5072
4384
5117
5721
5201
4999
4071
5236
4250
5395
4804
4426
5424
4568
5696
4239
4471
5932
5436
4214
5010
4119
4902
4819
4218
5167
4839
5209
5250
4716
4368
5096
5062
4995
5292
4474
5214
5540
4583
4569
5867
5213
5068
5174
5699
4455
5227
4917
5784
5424
5237
5901
5559
5989
4454
5250
5647
4531
4545
4570
4093
4619
4471
4906
4432
5811
4282
4985
4342
4755
5544
5123
4466
5461
5737
4304
4830
5566
5554
4257
4602
4605
4478
4210
5859
5558
4237
5453
5587
4030
4307
5017
4580
5961
4524
5268
4723
5108
5567
4030
5936
5696
4792
5829
5666
