5658
4130
5389
4262
5079
5472
4311
5591
5596
5325
5027
4136
4560
4160
5780
5416
4092
5288
5923
5942
5789
4199
4403
5555
5906
5002
4887
5022
5503
4208
4074
4429
4654
5570
4009
5147
5032
4556
4114
4911
4272
4032
5125
5541
4949
5143
4585
5368
5075
4475
5359
4518
4307
4470
4627
5250
5443
4053
4523
4871
5411
4781
4018
5499
5863
4508
5475
4399
5582
4757
4373
5858
5776
5026
5254
5489
4820
5068
4689
4678
5004
4595
4375
5669
5012
5970
5411
5351
4437
5833
5671
5811
5995
5722
4469
4452
5349
4417
4722
4218
5494
4740
4141
5132
4661
5795
5343
5058
4669
4535
5850
5114
4238
4155
5500
4447
4313
4303
5148
4915
5752
5829
4756
5414
4515
