4588
4369
5961
4443
5490
4113
5516
5188
5877
5561
4542
5125
5376
4181
5756
4816
4156
4551
5905
5494
5620
5825
5750
5769
4512
5752
4057
5138
4607
4851
4841
4376
5209
5778
5386
4260
4912
4666
5179
5032
4809
4018
4354
5823
4638
5299
4629
4939
5064
5102
5907
4149
5362
5749
4747
5863
5838
5646
4509
5080
5677
5548
4307
4149
4231
5782
5556
5487
4921
4084
5708
5213
4170
4243
5515
5426
4059
4176
5617
4567
4527
5859
4558
4896
4524
5045
4895
5281
4976
4267
4063
5481
4371
5690
5465
5352
4095
5442
5530
4239
4312
4814
4916
5710
4468
4930
4923
4980
4986
4377
5535
4585
5430
5370
5869
4539
5263
5996
5627
4743
4062
5654
5689
4794
5166
