4582
4892
4093
4583
4833
5344
5766
5020
5634
5809
4186
4363
4251
4197
5480
4018
4380
4068
5536
5933
5244
4781
4450
5434
4697
5787
4064
5817
5414
4801
5320
5663
5321
5195
4779
4677
4571
4119
4242
5718
5028
5154
4806
4451
5643
4809
4934
5613
5587
5692
4520
4696
5906
4945
5895
5750
4288
5100
5443
4823
4007
4853
5105
5936
5806
4224
4001
4893
4775
4554
4289
5925
4160
4411
4206
4759
5485
4498
4352
5261
5367
4173
5370
4583
5781
5335
4974
5964
4432
5960
4618
5585
4224
4246
5624
4384
5754
5166
4035
4938
5551
5151
5650
5846
5844
4222
5268
5165
5056
4019
4959
5249
5594
4785
5570
5074
5119
5184
5005
4923
4627
5764
5145
5939
5272
