5940
5410
5770
4222
4891
4233
4863
5369
4327
4774
4813
4958
5095
4062
4080
5074
5017
5076
4824
4689
5549
5851
4347
4360
5653
4291
4189
4798
4408
5424
4353
5867
4536
5267
5588
5123
5297
4370
4276
5403
5446
4015
5043
5759
4005
5937
5610
5540
5838
4976
4595
5341
4984
5393
5244
4848
4452
4741
4404
4665
4065
5601
5747
4050
5625
5948
5024
5647
5194
5109
4752
5792
5235
5813
4980
4442
4931
5476
4887
5991
5503
5212
5487
5081
5873
4273
5600
4178
5868
5859
5593
5642
4715
4787
5020
4769
5237
5137
4079
4024
5908
4415
5468
4984
5822
4483
5657
4494
4806
4562
4087
5594
5364
5857
4735
5053
5902
4149
4273
4687
4434
4349
4646
5023
5345
