5264
5667
5544
4201
4254
4668
4433
5095
5875
4865
4178
5755
5482
4397
4957
5922
5769
4546
5841
5912
5917
5516
4482
4078
4726
5282
4747
4121
5330
5595
5336
4726
5148
4254
5542
4763
5594
4189
5916
5252
5996
5381
5024
4160
4774
5593
5669
4446
5532
5193
4922
5235
5870
4301
4348
4613
5897
5809
4736
4968
5942
4249
4223
4607
4403
4582
4484
5374
5779
5171
4152
4390
5008
5920
4483
5941
4292
5771
5231
4513
4732
5806
5767
4790
4132
4493
4128
4984
4177
4303
4839
4728
5823
5634
4313
5249
4092
4310
5830
4840
4357
4510
5694
5693
4538
4876
5039
4452
5034
4360
4719
5346
5669
4335
4603
5259
5749
5325
5913
5896
4757
5553
5763
4924
5550
