4136
4620
5761
4969
5254
5000
4994
5244
5549
5832
5367
4800
5784
4935
4479
4137
5708
5297
5984
5093
4080
4984
4651
4577
5229
5917
5655
5458
4027
4270
5652
4535
5478
4263
4358
5172
5944
4661
5823
4723
4021
5207
4591
5778
4476
4689
4317
4395
5668
5765
5658
4340
4265
5158
4918
5629
5990
5674
5867
4369
5546
5468
4413
5041
5594
4865
5618
5948
5749
4812
4739
4895
4403
4087
4241
5202
4204
5847
4512
5574
4965
4392
4763
4667
4736
5164
4193
4551
4923
5911
4753
5702
4276
5446
5521
5257
5188
4879
5186
4255
4469
4248
4188
4476
5972
4727
4307
4903
5306
4837
5783
5030
4927
5870
4647
5510
5216
5477
5122
4683
4396
4022
5211
5103
4484
