4941
5891
5033
4970
4309
5289
5713
4075
5739
4427
4641
5660
4435
4090
5186
5097
4078
5452
4463
5954
4437
5512
5705
5799
5958
4435
4644
5954
5022
5999
4386
4685
4816
4035
5743
4860
4405
5973
4722
5640
4556
5542
5453
4682
4990
5521
4552
4658
5129
4166
5544
5691
5011
5458
4866
5955
5776
5943
4342
4607
4143
4064
4988
5034
4661
4124
4764
5084
5523
4755
5858
5746
5869
5144
4046
5285
4018
4160
4062
5308
4524
5890
5665
5007
4358
4182
4115
4365
4867
4855
4873
5286
5031
5078
4528
5311
4819
5319
5205
5114
4574
4608
4558
4893
5421
5818
4581
4368
4025
5915
4687
4565
5755
5084
5226
4534
5505
4341
5062
5362
4722
4834
4639
5184
4870
