5559
5490
4283
4782
4939
5337
4472
5040
4477
5750
5091
4864
4336
5102
4214
4866
4413
5456
5732
4293
5024
4279
5699
5235
4333
5201
4740
5634
4211
5832
5319
5626
4979
5232
5041
5430
5043
4264
4946
5996
4786
4488
4421
4917
5243
5634
4960
4690
4504
5203
5527
4595
4301
5842
5650
5270
5811
5687
4888
5026
4034
4135
5022
5981
4949
4690
4159
4369
4247
5370
4574
4720
4747
5285
5392
4691
5426
5827
4848
4065
4647
4919
4273
5391
4327
4743
4783
5619
4692
5752
4073
5885
4342
5448
5294
5161
5136
5771
4225
5385
4893
5767
5782
5527
4073
5866
4175
4813
5176
4744
5601
4636
4966
4493
5427
5336
5402
5823
4688
5849
4190
4882
5243
4932
4654
