5395
4835
4789
5382
5174
4428
4783
5662
5467
4421
4795
4888
5393
5839
5499
4306
5330
4185
4795
4017
4007
4608
5313
5144
5474
5428
4290
5976
4301
4848
4993
5747
4671
4976
4609
5731
5539
5253
5450
5673
4847
4076
4798
5133
4198
4044
5123
5149
4598
4647
5510
5190
5557
4697
5348
4619
4217
5662
4059
4849
5211
4259
5770
5002
5347
4558
5142
5180
5787
5133
5143
5110
5441
4101
4808
5273
4427
5902
5486
4077
4235
5589
4979
5972
5875
5063
5937
5478
4635
5511
5620
4758
4698
4535
4622
5710
4483
4474
4198
4205
4801
5062
4160
5692
5780
5686
4689
4430
4945
5278
5091
4710
4596
5833
4647
4188
4451
4414
4988
5298
4776
4900
4654
5574
5011
