4634
5488
5455
4889
4444
4799
5158
4048
4008
5104
4145
5711
4844
5298
5206
4724
5331
4453
5183
4395
4874
4746
5968
4927
4240
4220
4426
4447
4381
4588
5832
5870
4783
5908
5906
4782
5412
5263
5752
5464
4784
5767
4770
4367
4435
5724
4828
4116
4501
4324
4793
4562
4975
4636
4208
5047
4473
5211
5829
5626
5441
4260
5447
4149
5487
5675
4305
4806
4477
4896
4251
5163
5074
5959
4323
4455
5711
5844
5137
4511
5186
4957
5180
5348
4689
4512
4216
5759
4604
4939
5138
5216
5630
5241
4488
5324
5798
5917
4557
4840
4113
4882
5327
4977
4321
5590
5423
4039
5561
4390
4227
4885
4222
4199
5041
4732
4964
4663
5096
4428
4765
5986
4901
4167
5456
