5269
5345
4440
4831
5975
4314
4725
4283
5812
4751
5140
5401
4647
4395
5281
4455
5020
4345
4592
5219
5976
4517
5711
5763
5064
5064
4329
4124
5159
5373
4817
4231
5838
4637
5789
5028
5947
5536
4733
4525
4526
4524
4953
4199
5721
5086
5260
5825
4851
4322
4594
5562
5911
4543
4180
4396
5303
5120
5714
5040
5351
4299
4377
4116
4340
5662
5454
4666
5108
4106
4539
5891
5720
5013
4126
4685
4219
5878
4581
5013
5155
5122
4761
4248
5681
4272
4633
4974
5093
5928
4426
4242
4229
5976
4351
4732
4017
5212
5071
5826
4343
4484
4836
5294
5945
5133
4312
5376
4740
5308
5479
5789
5372
4793
5462
5700
4988
4554
4238
5831
5152
4847
5480
4454
4214
