5661
4525
4339
5274
4110
5380
4472
4885
4497
5417
4171
4685
5189
4566
4466
5048
4526
4585
5911
4305
5764
5180
5675
5775
4151
5826
4332
4459
4311
5833
4194
5099
5747
5725
4793
4065
5113
5997
5100
4079
5972
4625
5047
5068
5127
4821
4318
5391
5224
5751
4977
5218
4611
5976
5352
4670
5977
4351
4633
5883
5086
4623
5130
4023
5759
4101
4109
5662
5408
5218
5832
4045
5459
4465
4166
4062
5249
4689
4652
4883
4582
4948
4752
4720
4578
5323
4129
4722
4292
5796
5160
5261
4465
4818
4331
4072
5926
4850
4193
4197
4541
4299
4427
4413
4079
4891
4027
4635
4367
4540
4860
5900
5294
4640
4111
5999
5011
4547
5401
5536
5961
4967
5274
4171
5345
