4291
5386
5702
4795
4101
4882
5062
4151
4248
5113
5617
4837
5591
5400
4772
5255
4543
4391
5838
5417
4070
4038
5448
4554
4598
5203
4773
5471
5296
4495
5121
4464
5392
5572
5021
5813
4133
4407
4798
5916
4589
5164
5124
5206
4548
4773
4753
5915
4055
4351
4624
4900
5211
5177
4227
4029
5947
5327
5777
5093
5604
5234
5368
5760
5604
4221
4461
5333
5788
4376
5324
5774
5614
4659
5519
5995
4420
5879
5950
4105
4580
5230
5033
4237
4284
4971
5515
5401
4953
4497
5271
5139
5263
4472
4814
4802
4996
4553
4983
5489
5151
4545
4475
5042
4788
4388
5647
5038
5872
4306
4625
5117
5658
4167
5692
5676
4284
5332
4377
5255
5061
5821
5394
4842
5563
