5466
5378
5324
4549
5551
4770
5641
4604
5053
4128
4743
4636
5798
5243
4984
4656
5996
5505
4225
4411
5918
4817
4277
4387
4795
5892
4260
5583
4688
5267
5745
5894
5103
4320
5944
4718
5685
5703
4510
5078
4276
5149
4627
4540
4363
4410
5974
4440
5021
4829
5421
5292
5259
5145
5013
4731
5471
4322
5928
4131
5736
5771
4171
4936
5045
4303
5593
4279
5508
5719
4119
5717
5050
4183
5050
4056
5192
5777
4394
5433
4899
5744
5316
4161
4310
4101
5282
5727
5061
4208
4981
4799
5161
4606
5506
5155
4214
5234
4865
4910
5573
5638
5515
5408
4191
5113
5191
5520
5756
5030
5801
4644
5933
5095
5526
4398
5050
4175
4751
4291
4912
5808
5061
5304
4120
