5849
4942
4209
5562
4043
4810
4790
4136
4796
4039
4924
5494
5476
5944
5176
4305
5547
5390
5898
4049
5145
4707
5244
4041
4797
5960
5346
5205
4324
4523
4044
5836
5348
5747
5628
5198
4809
5884
5804
5643
5351
4339
4238
4724
4688
4337
4574
5473
4927
4291
4783
5412
4464
5324
5692
4908
4747
5270
4706
5201
4687
4924
4104
4959
5589
4584
5306
4508
4569
5205
4301
4576
5087
4143
5509
4900
5834
4340
4048
5510
4684
4538
5138
5839
4185
4427
4735
4310
4545
4524
4586
5235
4723
4811
4131
4362
5450
5433
4034
4539
4131
4582
5314
5456
4583
4319
4890
5735
4899
4627
5913
4205
4885
5705
4718
5245
5604
4091
5629
5760
5219
5541
4386
4969
5239
