4904
5805
4565
4142
4318
5943
4730
5648
5447
4788
5081
5892
5399
4833
5589
4285
4543
5641
4845
4007
4846
5084
4043
4982
5153
4942
5137
4539
4627
5461
5267
5151
5760
5054
4560
5848
5625
4393
5487
5208
4806
4011
4601
5067
4226
5430
4270
4865
5955
5832
5779
4413
5304
5792
5103
4993
5459
5643
4175
5626
4754
4999
4323
5992
5864
4870
5097
4579
4494
4021
5350
5408
4738
5790
5440
5512
5301
5630
4820
5441
5165
5508
5185
5797
5147
5537
4253
4384
4240
5491
5847
4006
5073
4024
5309
5365
4716
5452
5121
5138
4244
5805
5541
5287
4529
5281
5816
4822
4159
4686
5850
4448
5046
4560
5177
4290
4458
4293
5474
4970
4396
5536
5753
4866
5439
