4512
5034
4091
4575
4272
4368
4844
5596
4020
4938
5952
5890
5072
4810
4158
5913
5150
5104
4803
5449
4205
4380
4700
4953
4499
5895
4710
4263
4218
5261
4314
4899
5216
5148
4978
4568
4896
4427
5894
5678
5944
5468
4896
4582
5580
4385
5190
5176
4836
4253
5332
5576
4073
5293
4920
4549
4634
5369
4329
4632
5186
4365
5646
4561
4573
4365
4173
4796
5190
4283
4163
5065
5191
4123
4931
5363
5749
5806
4188
4678
4344
4712
5613
5904
4070
5238
5720
5991
5834
5343
4880
5939
4067
4805
5808
4740
4281
4297
4703
5588
5456
5646
4845
4685
5170
4857
5979
5235
5710
4077
5781
5145
4875
4795
5246
4062
4024
4271
5068
5973
5202
4022
4385
5706
5420
