4891
5330
5572
4893
4515
5474
4289
5614
4867
4034
5698
5549
4844
5552
4235
5625
4237
4353
4082
4064
4292
4053
4058
4794
4890
5511
4472
5504
5611
4602
5624
4117
5628
5273
4862
5850
4118
5068
5580
5201
4940
5688
5497
4486
4942
4470
4777
5366
4935
4457
5707
5010
5586
5103
5449
5521
5972
5954
4780
5613
5450
4769
5322
5482
4210
5086
5607
5343
5781
4376
4816
5034
4998
4850
4600
4874
4042
5958
4227
4989
4214
5270
5753
4871
5335
5305
4945
5890
4285
5966
4071
4739
4675
5179
4453
4198
4272
5413
5600
5723
5736
4213
4150
5105
5884
4169
4161
4009
4506
4417
4992
5013
4708
4433
5721
4259
5930
4286
5799
4483
5484
5885
4618
5958
4809
