5327
5005
5032
5844
4289
4106
5562
5684
4727
5754
5243
5477
4560
5062
4679
4399
5978
5003
5814
4926
5022
4910
4850
4526
4606
4350
5898
4907
5644
5382
4809
5334
5747
4241
4127
4590
5171
5574
4184
5232
4430
4943
4056
4600
4203
4813
4858
4362
4177
4107
5541
5240
5627
4970
4720
4085
5430
5455
4864
5414
4950
4826
4812
5341
5449
5690
4341
4680
4937
4151
4830
5741
5299
4709
4340
4533
5607
5508
5091
4434
4123
4397
5069
4897
4280
4925
5176
5660
4719
4700
4720
5671
4536
5221
4739
5195
5669
4034
5359
4793
5941
4351
4570
4632
5057
4489
5406
4935
5032
5116
4151
5359
5179
5735
4878
5294
5658
4931
4759
5323
5307
4244
4264
4417
5576
