4569
4356
5535
4423
5282
4747
5584
4982
4526
4185
5476
4197
5820
4827
4889
5486
4637
4911
5648
5856
5223
4960
4955
5146
5451
5424
4726
4646
4954
5479
5357
5459
4652
4597
4325
4277
4566
5987
4072
4029
4752
5132
4469
5288
5967
5536
4661
4086
5354
5724
4893
5913
5200
4668
5299
5365
5342
4969
4872
4888
4231
4620
4838
5009
4457
5072
4928
4408
5348
5743
4151
5480
5757
4827
4343
4432
5523
5600
4090
5307
4165
4279
5308
5010
5039
5748
4030
4343
4121
5968
4280
5014
5431
4864
5288
5325
4865
4099
5724
5485
4186
4809
5073
4487
4376
5101
4398
4710
4827
5234
4200
5448
4453
5517
4562
5033
5117
5216
5798
4756
4625
5264
4628
5254
4516
