4577
4335
4372
5913
4597
5849
4984
4427
5848
4755
4020
4584
5476
5959
5934
5397
4287
4878
4632
5534
4220
5586
4369
5894
4773
4701
5165
5135
5610
4221
5245
4537
5460
4673
4376
4078
4604
5363
5583
5617
5621
5589
5730
5238
5755
5217
5860
4392
4879
4395
4595
5902
5244
4093
5113
4933
5347
5775
4378
5464
4583
4714
4483
5119
4350
4193
4487
5870
4981
5707
5605
5226
4281
4295
5441
4623
5463
5784
4356
4083
5714
4034
5444
4989
4660
5551
5178
4650
4243
4870
4297
5830
4313
4303
5348
4191
5527
4120
5599
4697
5987
4382
4077
5658
4979
4188
5336
4670
5422
5579
5455
5152
5753
4352
4169
5172
4952
4311
4006
5317
4448
4942
5287
4341
4635
