4940
5162
5600
4765
5139
5747
4393
4951
5470
5917
5196
4597
5043
5857
5060
5828
4967
5377
4055
4630
4951
5151
5520
5878
5069
5619
5970
4390
4685
5098
4658
5572
4523
5848
4718
4761
5087
5457
4448
4270
4609
4770
4690
5080
5331
4861
4999
5423
4411
4899
5673
4349
5387
5135
4376
5599
5850
5798
4657
5096
5483
5370
5291
5449
5816
5870
4807
4625
4610
4563
4080
4273
5173
5029
4457
4472
4586
5902
5641
5219
4785
5928
5197
4738
5593
5008
5284
5954
4377
4881
4635
4781
4094
5220
4909
4877
4674
5854
5221
4813
4515
5347
5107
5637
5182
4460
5799
5015
4940
4792
4139
5172
4049
4218
4947
4894
4290
5117
4087
5611
5374
5315
4255
5514
5395
