5745
5524
4906
5224
4888
4094
4078
5482
5257
4541
5745
5086
4940
4019
5141
4060
4402
4028
4798
4926
5416
4699
4387
5603
4163
5153
5664
5482
5228
5122
5921
4367
4900
4906
5574
5326
5224
5019
4833
4370
5309
4489
4364
4759
4525
5297
4705
4116
5990
5323
4085
4323
4409
4990
4897
4020
5920
4887
4152
4167
5511
4860
4353
4279
4343
4921
4632
4419
4585
5367
5296
4294
5623
4149
5809
5445
4970
5147
5644
4603
4115
4739
5230
5502
4455
4552
4639
5022
4278
5623
4221
5975
4106
5803
4296
4436
5096
5733
5354
4843
4915
4523
4331
5456
4611
4555
4749
5574
5275
4520
5810
4018
5950
5248
5125
5482
5606
5151
5384
4127
5852
4889
5955
4828
4373
