4479
5630
5618
4572
5129
5163
4121
4797
4214
4615
5075
5804
4853
5697
5003
4107
4516
5512
5169
4277
4996
4519
4592
4734
4660
4183
4896
5127
4461
4623
5494
4780
5712
4668
5587
4299
5299
5183
5143
4778
4754
5724
5584
5323
5703
4356
5892
5943
4064
5833
4119
5661
5471
4935
4941
5243
4938
4875
4508
4227
4088
5171
4828
4895
5957
4939
4865
5158
4915
5318
4706
5273
5890
4333
5701
5250
4789
5318
5392
4488
4130
5569
5484
5642
5431
5430
4769
5301
4153
5855
4365
5045
5777
5897
4511
5399
5533
4582
5974
5765
5670
5633
4571
4615
5022
5982
5918
5679
4018
5640
5131
5165
5404
4708
4437
5767
4866
4295
4001
4785
4802
4008
5069
5211
4471
