4639
5841
5920
4341
4854
5097
5586
5552
5508
4620
5359
4979
4396
4012
4311
5519
4233
5590
4436
5801
5009
4831
5326
5768
4088
5760
4957
4379
5800
4303
5545
5640
5325
4838
4065
4172
5596
5363
4624
4388
4962
5195
4728
4893
4285
4336
5188
4458
5673
5395
5410
5947
4646
5956
5548
4211
4626
5770
5980
4003
5583
4585
4141
5336
4317
5831
5514
4329
5523
4598
4581
4985
5689
4767
4895
4980
5970
4481
4066
4526
4782
4197
4132
5107
5555
5546
4758
4923
4678
5461
5150
5848
5225
5027
5925
4528
4709
5719
4693
5584
5150
5785
5384
4190
5234
5028
5268
4995
4902
4462
4814
5221
5170
4399
5405
4281
4447
5983
5767
5879
5713
5158
5767
4336
5368
