4623
4428
5752
4548
5794
5401
4290
4395
5026
5204
4190
5860
4042
5852
4367
4056
5660
4408
5674
5331
4991
5440
5608
4548
4549
5952
4444
4920
5438
5979
5715
4992
4263
5976
4784
4864
4394
5406
4731
4645
4318
4783
4518
4893
5943
5384
4693
4161
4688
5882
5637
4115
4980
5024
4621
4718
5273
4966
4752
5135
5536
5993
4918
4841
4025
4392
5340
4114
4329
5043
5552
5120
4626
5494
4196
5131
5656
5023
5968
5806
4294
5796
5577
4573
5943
4906
4763
5919
5572
4980
5799
5787
4356
5055
5835
4854
4688
4883
4971
4938
5774
4008
4787
5222
4105
5637
4397
4608
5411
5202
4707
5932
5160
5443
4088
4212
5626
5503
5413
5405
5339
5882
5273
5662
5793
