4281
5205
4795
5133
4953
4906
5608
4998
5215
4999
4029
5410
5364
5207
4784
5360
5608
5230
4526
5902
5599
5763
5821
5430
5537
4008
5851
5342
4444
5770
4462
4697
5132
4416
4904
4672
4145
4195
5626
4291
4441
5512
5544
5931
4242
4039
4336
5846
4197
4534
4023
5267
4632
4657
5307
4978
4895
4850
5968
4347
5425
4653
5399
5341
5668
5229
4933
5682
5353
4619
4419
4032
4982
4858
4955
4148
5258
4014
4403
4040
4972
5880
4443
5914
4919
4835
5564
4056
5193
4132
5941
4417
5834
4607
4596
4808
5763
4034
4807
4267
5793
4317
5972
5413
5069
4359
5385
5765
4998
5556
5812
4449
5688
4238
5187
4925
5912
4323
4834
5048
5508
5307
5715
5088
4754
