4695
4795
5670
4750
5392
4119
5210
5690
4921
5652
4342
5777
4096
4040
5471
4814
4966
5102
4085
5631
5067
4335
4984
5713
4716
4408
4430
5771
4982
5512
5264
4386
4876
4717
5063
4591
4662
4215
5239
4657
4337
4745
4398
5312
4703
4961
5429
5006
4976
5626
5847
5701
5078
4844
5880
5947
5292
5902
5188
4015
5835
4303
4794
4583
5141
5053
5102
4211
5819
5035
5327
4789
5796
5756
4904
4759
4058
5918
4291
4148
5843
4238
5986
5708
4786
4236
5721
5177
5899
5245
5505
4497
4262
5347
5161
4500
5852
5396
5162
4483
5372
4170
4781
5366
4371
4866
5384
5584
5103
4130
4397
4802
5662
5539
4971
4247
5278
5452
4324
5121
4466
4547
5680
5021
4574
