4180
4844
5446
4803
5981
5873
5632
5658
4995
4070
4181
5590
5837
5835
4745
5291
4527
4149
4927
5069
5640
5709
4179
4765
4422
5879
4889
5846
4358
5553
4130
4908
4451
5473
5037
5033
5820
4397
5417
5676
5783
4118
5879
5097
4297
4694
4013
4059
4656
5342
5288
5153
4724
5958
5057
5886
5084
5417
5606
4538
5468
5130
4594
5220
4638
5336
4916
4944
4473
5272
4251
4868
5182
5757
5006
4978
5302
5110
4655
4211
4696
5654
4292
4426
4284
4038
5583
5950
4499
5031
4966
5373
5834
5486
4533
4076
4921
4328
5111
5090
4615
4237
5508
4370
4291
5207
5209
4970
4924
5817
5201
5279
5646
4731
4497
5338
5783
5976
4360
4024
4186
5879
4961
5190
5837
