5926
5502
4243
5382
4300
5748
5932
5801
5992
5506
4150
4875
5750
5327
5280
4276
5706
4333
5733
4374
5122
5776
4161
4245
5861
4160
5884
5274
5776
5376
4646
5411
4348
5638
5991
4548
4857
5611
5141
5390
4221
5764
5416
4776
4828
5459
5875
5776
5839
5989
4704
4527
4024
4790
5295
5519
4831
5746
4325
4524
5006
4767
5010
4411
4990
5249
4645
4633
5884
5243
4036
4725
4157
5858
4162
5013
5044
5338
4178
5285
5083
4387
4584
5486
5541
5080
4625
5575
5361
4252
4659
5438
4996
5055
5972
5118
5727
4622
5189
4020
5691
5901
4168
5004
5097
5529
4153
4154
5351
5834
5789
5697
4337
5653
5932
4787
5512
4310
5538
5812
5046
4978
5299
5979
4185
