5695
4425
5736
5652
4086
5869
5990
5594
5157
5608
5429
5619
4336
4341
5109
5331
4140
4873
5102
4766
4923
5739
4777
4397
5859
5384
4618
5569
5550
5223
5465
5592
4722
4851
5831
4058
5932
5160
5303
5041
4138
4904
5982
4153
4576
5708
4926
4683
5822
4003
5558
4845
4029
5615
5690
4195
4275
4552
5639
5166
5819
4243
4059
4379
4137
5748
5382
4757
5833
5090
5762
4231
5111
4623
4240
4485
5894
4541
4711
5070
4795
4095
5910
5656
5691
4917
4160
4042
4917
4317
5941
5723
5072
4937
5618
5002
4471
4166
4941
4327
4195
4191
5905
5174
5207
4004
5021
5433
5671
5401
4637
5595
4744
5872
4947
4200
4073
5294
4736
5023
4909
5428
5601
4731
4323
