5984
5767
5794
5110
4094
5044
4820
5731
5557
4269
5054
4763
4062
5775
5795
5529
5472
4216
5923
5921
4757
5310
5501
4946
5041
4393
5389
4554
4562
4784
5510
5305
4478
5446
5467
4630
5103
4471
5592
4212
5423
4207
4469
4783
5916
5822
4593
4843
4666
4636
4207
4701
4026
5272
4477
5802
5760
5662
4058
5415
4197
5622
4403
4814
4681
4356
4898
5571
4330
5777
5293
4294
4092
4187
5440
5002
5689
5622
4483
4986
5036
4071
5921
4358
5695
4389
4272
4356
4817
4203
4409
4868
5793
4297
4035
4768
5129
5866
5265
4615
4393
4077
4265
5863
4398
5672
5816
5157
4298
5147
4786
4686
4743
5111
4798
5564
4568
5108
5308
4667
5631
4580
5670
5194
5222
