4188
5061
4691
4445
5210
4321
5192
5845
4877
5153
5801
5365
4236
4020
4562
5699
5681
4254
4645
5828
4451
4527
4355
5940
5546
4158
5238
4924
4690
4562
5592
5306
5341
4380
4489
5097
5368
5357
4833
4183
4028
5516
5944
5163
4508
5326
5798
4955
5432
5169
4207
4558
5220
5078
5182
5316
4930
5779
4331
5163
4566
4672
4801
4247
4814
4297
4301
5323
4173
4611
5922
5036
5517
4087
4953
4212
5665
5138
5483
5569
4723
5402
4421
5031
5767
4542
4886
5227
4571
5679
4038
4532
4211
4483
4935
5269
5445
4487
4890
4538
4583
5556
4110
5159
5428
4449
5711
4848
4552
4815
5604
5416
5406
4411
4860
4639
5778
4968
5380
5556
4451
4760
5079
5352
5949
