5404
4889
4122
5587
5269
4582
5492
4340
5638
5617
5814
5336
5766
4026
4740
5610
4006
5007
5512
5524
4973
5540
5194
4256
4965
4781
4320
5776
5669
5281
4469
4511
5646
5671
4641
4035
5112
4709
4569
5988
4261
4861
5080
4131
4625
5541
4726
4787
4225
4623
4054
5765
4334
4502
5813
4075
4620
4054
4749
5153
4324
4468
5810
4676
5423
5492
5570
5272
5371
5844
5253
5694
5886
5167
5538
5325
5832
4048
5197
4760
4606
4651
5792
5579
4322
4293
4544
4188
5264
4726
4407
5038
5040
5527
5104
4240
5182
4573
4777
5676
4694
5781
4249
5508
4623
4839
4606
4483
5545
4220
4374
4257
4652
5884
4824
4398
4122
4933
4833
4602
5120
4508
4875
5738
5428
