5248
4197
4027
4788
5929
4863
5537
4449
5769
4378
4750
5558
4745
4240
5196
5182
4500
4616
5891
5637
5023
4380
4138
5025
4831
5048
5907
4994
4906
5646
4930
4141
4949
5958
5858
5287
5343
5675
4577
5251
5330
4063
4291
4961
4396
4992
5052
4434
5766
5935
5202
4593
4333
5763
4848
4269
5771
5985
4683
5993
5946
5356
5351
4385
5061
4693
4220
4055
5343
4412
5973
4022
4277
5212
5000
5049
4037
5650
4803
4434
5314
4528
5213
5717
5077
5178
5295
4006
4095
4233
5542
5741
5325
4689
5717
5809
4785
5615
5736
4742
4975
4285
4999
5403
4017
4533
5134
5503
4972
5635
5067
5130
4971
5434
4204
4947
4962
4113
5487
4970
5269
5165
4644
4747
5890
