4101
5364
5907
4088
5921
5388
4799
5362
4899
4605
4205
5239
5069
4029
4434
4495
4293
4832
5086
5934
4374
5839
4239
4356
5398
4455
4426
4846
4256
5214
5420
4645
5482
4622
5732
5605
5428
5223
5931
5110
4792
5053
5939
4887
4699
4847
4727
5560
5779
4269
4156
5319
4177
5145
4910
5049
4546
4834
5237
5509
4592
5761
5203
4117
4085
5436
5802
4590
4480
5027
5011
5157
5753
5797
4898
5436
5342
5350
4819
4228
5062
5564
5070
5912
4106
5825
4274
5668
4598
4905
5750
5167
4111
4715
4415
4174
4658
4820
4273
4528
4914
5628
5374
4899
5217
4334
4298
5188
4613
5892
4260
4704
5539
4794
4468
4046
4939
4210
5886
4353
5379
5728
4405
5861
5396
