5287
5297
5386
5885
5715
4954
4190
4318
5760
5614
4210
5380
4508
4934
4884
4104
4190
4782
4611
5681
4595
4923
4507
4365
5217
4236
4171
5889
5748
4109
5021
5184
4340
4479
4943
5606
4606
5751
4088
5574
5079
5498
4631
5796
5458
5841
4960
5497
5541
5421
4358
5404
4987
4191
4965
5873
4547
5659
4047
4409
4371
4865
4333
5091
5568
4931
4077
4061
4875
4271
4348
5091
4660
5404
4938
4964
4496
5488
5266
5973
4857
5830
5637
5086
5895
5974
4655
4832
5522
4316
4209
5056
5843
4052
4678
4683
4624
4205
4843
5468
4040
5902
4231
5162
4218
4614
5712
4338
5367
5425
5229
5376
5952
5476
4574
5878
4130
5251
4646
4740
4991
5909
5881
5648
4198
