5546
5824
4388
4816
4093
5120
4175
5770
4587
4604
5954
5621
4052
4667
4648
4928
5618
4880
5059
5974
4071
5427
5105
5979
4920
4136
4234
5141
5244
4001
5504
5766
4153
5684
4723
5726
5994
5922
4295
4517
4952
4182
5287
4227
4903
4450
4509
5312
4558
4724
5699
5348
5136
4630
5884
5467
4008
5247
5639
5257
5518
5700
5908
5274
5710
5298
4183
4550
5840
4254
4049
5309
4577
4936
4484
5787
4410
5239
4830
4082
5138
4015
4529
5333
4343
5715
5984
5233
5129
4272
5367
4108
5403
4148
4955
4205
4807
5923
4398
5841
5803
5478
4234
5063
4754
4893
5322
4292
5803
4543
4903
5541
5922
5646
5998
5876
4403
5268
5258
5828
5544
4719
4002
5007
5065
