4051
5381
4131
5448
5175
4616
5136
5234
4107
5603
4264
4108
4509
5745
4591
4005
4591
5396
5983
5563
5157
5680
4476
5570
4296
4169
4214
5499
4267
5400
5347
5222
4964
5446
5212
4324
5472
4973
5287
4461
4080
4159
5782
4000
5804
4148
4050
4397
4249
4049
4196
4137
4451
4000
4503
4308
4847
4809
4507
5226
5688
4847
4443
4208
4466
5549
5909
5340
4906
5199
4423
4095
4651
4363
5138
5013
4220
4632
5801
5780
5273
4544
5938
4932
5475
5438
5885
4575
5158
4365
5976
5275
5276
5094
4680
5203
4704
4568
5306
4744
5902
4396
4546
5169
5324
4675
4620
4074
4268
5886
4119
4100
4741
5827
5218
4601
4945
5905
5911
5586
5053
5035
5962
5949
4455
