4746
5263
5119
4522
4100
4517
4295
4323
4232
5051
5782
4814
4173
5891
5166
4842
4251
4449
4650
5075
4987
4002
4005
5965
5650
5663
4569
5119
4903
5764
4401
5636
4312
4067
4161
4050
5476
5557
5462
5322
5522
4065
4255
5919
4871
5340
4289
5773
4840
5484
4401
5709
5615
5483
4349
5471
4354
5074
5594
4307
4537
5399
5659
5901
5124
4595
5721
5098
5509
5241
4690
5526
4234
5410
4384
4760
4593
4769
5824
4331
5962
4048
5285
4838
5217
5634
5606
5960
5650
5512
4878
4380
4701
5990
5899
5012
5352
4676
4745
4848
4979
4174
5843
4272
4414
4422
5138
5361
4005
5199
5540
5092
4145
4236
4162
5016
5392
4495
4839
4339
5324
4507
5046
5441
5950
