4763
5868
5802
4257
4468
4331
4181
4673
4057
4543
5929
4921
4776
5946
5796
4405
5234
5859
5912
4155
4129
5621
5604
5963
4980
4984
5289
5386
5476
4946
4219
4201
4518
4262
5737
4517
5105
5069
4211
4456
4575
4602
4341
5594
4588
4582
5230
5467
5616
4581
4356
5732
5645
4985
5005
4727
5212
5558
5981
4248
5259
4985
5583
4117
4182
5466
4014
5161
5046
4699
5302
4082
5547
4961
5872
4020
4037
5250
5206
5116
4918
5548
5387
4090
5048
5822
4386
5496
5372
5675
5597
5914
5577
5884
4318
5690
4096
5627
4392
5723
4581
5516
4967
4810
4962
4318
5010
4977
4992
5291
5225
4773
4592
4796
4694
4787
4997
4635
5585
4158
4217
5904
5060
4259
5040
