4238
5017
5147
4534
4177
4018
4736
4341
5895
5062
4408
5467
4658
5098
5197
4345
5250
5514
4014
5472
4548
5379
5196
5438
5524
5303
4640
4833
5529
4534
4749
5630
4362
4444
4340
4188
4451
5405
5268
5691
5003
4603
5918
4899
4573
5638
4370
5604
5804
4058
4670
5535
5844
4125
5027
4717
5442
5401
4331
4857
4837
4689
4020
4175
5856
5411
5585
4476
4843
4341
5865
4342
5920
5413
5789
5300
4071
4031
4573
5296
5390
4607
4510
4368
4980
4803
4355
5291
5409
5416
5582
4019
5355
5824
4142
5371
5442
4272
4531
4754
5230
5465
5924
5047
4528
4576
4738
4811
4835
4815
4635
4864
4382
5136
5474
5044
4076
5289
4368
4989
5120
4307
4518
4098
5860
