5244
5655
4089
4223
5834
4746
5398
4742
5164
5004
5222
4701
4336
5433
5469
5757
4960
4644
5957
5700
4440
5111
5033
4172
5500
4399
5498
5778
5339
4378
4830
4763
4199
5126
5423
4973
4271
5450
4543
5300
4429
5939
4270
5389
5550
4168
5272
5506
4037
5358
4739
5309
5371
4993
5798
4411
4411
5166
4148
4800
5374
4298
5240
4435
4457
5113
4931
4301
4071
5651
4520
4708
5279
5979
4889
5858
4895
4440
4220
4267
5338
4486
4503
4774
4356
4028
5536
4943
5931
5714
4341
4579
4710
5213
4464
4756
4455
5160
5334
5070
5364
5693
5669
4090
5054
5781
5278
4913
4131
5786
5038
4918
5042
4243
4770
4389
4749
4256
5046
4788
4322
4899
4746
5216
4259
