5131
5037
4695
5502
5509
4255
4709
5841
5937
4483
4539
5396
4317
4533
4500
5425
4247
5264
4515
5463
5064
4066
5721
4045
5127
4301
5829
4467
5157
4000
4744
4185
5107
5577
5772
4908
4397
4088
5643
5437
4418
4601
4536
4103
5966
4672
4462
4674
4537
4469
4816
4978
5045
5819
5882
4909
5723
5031
5612
4739
4099
5076
5103
5187
4273
5894
5911
5708
4745
5753
4209
5941
5353
4374
5209
5993
4711
4549
5689
5340
4261
4150
5757
5104
5940
5229
4094
5488
5839
5812
5816
5442
4916
4651
4196
4287
4183
4163
4861
4903
4210
5197
4649
4311
4506
4267
5354
5712
5822
4738
4168
5824
4760
4161
5728
5351
4686
4863
4737
5729
4610
4334
5858
4710
4325
