5950
5704
4358
5431
4985
4797
5163
4735
5693
5845
4067
4055
4953
5789
5095
4783
4504
5952
5916
5226
4031
5142
4970
4182
4061
4654
4332
4258
4234
4226
5039
4169
4608
5870
5749
5831
5194
4045
5818
5574
4141
5039
5270
5725
5734
4160
4827
5293
5622
5633
5075
4177
4175
4661
5249
4820
5571
5574
4481
5744
4933
5060
5530
4347
5190
4545
4462
5364
5365
4138
4877
4410
5466
4365
4799
4872
5540
5834
4575
5473
4791
4785
5117
5182
4011
5000
4660
4282
4227
5528
4653
5853
4625
4021
4139
5264
5308
4139
5998
4987
5943
4901
4318
5614
4844
5551
5676
4844
5504
4841
4535
5664
4598
5030
5229
4746
5116
5510
4357
4219
5786
5263
5076
4314
4455
