5383
4290
5182
5485
4744
4043
4822
5784
4707
4600
4301
5562
5527
5270
5005
4581
4510
4442
5132
5355
5234
4491
5241
5512
5085
5534
4884
5131
5284
5642
4387
4367
4180
4038
4263
5111
5564
5169
4921
4950
4543
5644
5694
5626
4421
4482
5951
5612
5350
4243
4129
4961
4634
4032
4038
5625
4883
4608
4077
4505
5239
5677
5773
5089
5491
5690
4846
5549
4057
5771
4785
4845
4282
4744
5794
4789
4625
5405
5443
5343
5750
5068
4070
5275
4739
4877
4628
5907
5966
4453
5847
4381
5093
4141
5201
4523
5349
5319
4620
5869
4479
5219
4555
4201
5045
4734
5284
4934
4990
4537
5133
5679
4306
4235
4626
5159
5818
4098
4134
4643
5569
5441
5605
4411
4008
