5863
4829
5936
4562
4522
4099
5737
5255
5279
4062
5144
4054
5242
4470
4737
4103
4393
4124
4324
4915
4197
4101
5650
5029
5019
4328
5188
4907
4937
5063
4721
5979
4507
4835
4213
5350
5118
5623
4495
5586
5551
4078
5924
4128
4649
5989
4465
5446
4361
5501
5265
4900
4529
5270
5581
4830
4406
4045
4274
5225
5133
5950
4789
5528
5040
5136
5587
5770
4767
4503
4922
5807
4003
5019
5389
5960
5069
4653
5362
5522
5465
5263
5273
4034
4577
5493
4557
4982
4624
4838
5635
5559
4406
5225
4697
4111
4417
4328
5136
4904
4811
5501
5683
4336
4044
4012
4935
4749
4831
4308
4391
5467
5812
4091
4302
4816
4861
4029
5745
5241
5622
5649
4365
4365
4933
