4357
5815
5955
4719
5484
5555
4380
5097
5014
5777
4206
4699
5006
4078
4787
4257
4045
4278
5317
5143
4173
4425
5289
4098
4562
4518
4467
4420
4105
4174
5158
5182
4637
5070
5565
5989
5966
5120
5335
5585
5137
5255
5030
5395
4190
5401
5822
4467
5566
4887
4654
5181
4877
4643
5725
5081
5506
4446
4811
4797
5731
4490
4270
5973
5327
5025
4292
4817
4208
5749
4146
4988
5291
4516
5065
4808
4475
4865
4866
4824
5004
4074
5214
5716
5345
4263
4833
5385
5236
4665
5927
5019
4684
4675
5841
5130
4191
4574
5285
5645
5443
5155
4455
5498
5811
5654
5823
5986
5357
4707
4936
4249
5199
4462
4582
5033
5421
5102
5253
4434
4902
4506
5640
5395
4642
