5951
4088
4000
4067
4882
4472
5692
5099
4437
4571
5775
5333
5861
4091
5934
5034
4565
4461
4152
4726
5522
4582
5301
5880
5522
4520
5108
5032
4048
5090
5592
4435
5051
5056
4826
4978
4778
4267
4340
4756
5315
4126
5460
4276
5727
4368
4593
4505
5976
4076
5642
5414
5001
4449
4633
5510
5500
4669
5114
5855
4192
5233
5105
4721
4912
5424
5559
5510
4641
5340
5004
4479
4300
4001
5697
4418
4970
4879
5261
5592
4905
4198
5890
4826
4292
5785
5882
5811
5149
5125
5955
4643
5189
5600
4582
4114
5162
5075
4718
4919
5037
5120
4326
5641
4556
4643
5057
5063
4800
5833
4325
5147
4270
4670
4268
5353
5971
5690
5495
4317
5068
4310
5851
4203
4577
