4565
5503
5323
4741
5021
5062
5607
4469
4669
5982
5365
5351
5147
4698
4055
4520
4889
4464
5050
5781
4311
4585
4210
5913
4869
5578
4169
5727
4369
5308
4165
4115
5658
4828
5196
4931
4658
5737
4059
4104
5660
5016
5083
5084
4085
4791
4005
5922
4655
5820
5098
4708
4275
4491
4150
5499
4443
4168
4270
5076
4849
4805
4238
4137
5010
4620
4653
5145
4470
5192
5831
4085
5290
4660
4892
5042
5359
4026
4132
5264
4083
5169
5334
5022
4819
4046
5716
4508
4073
4864
5012
5830
5238
5053
4086
5721
5539
4340
4590
5744
5402
4490
4292
4121
4678
4890
4898
5843
5481
4132
5566
5304
5535
4294
5293
4666
5445
5900
4764
5642
5421
5493
5330
5399
5503
