4140
4595
5513
5555
5388
5274
5854
5693
5389
4727
5215
5919
5155
5972
5609
5268
4147
4745
5983
4422
4132
5470
5022
5244
4123
4176
5935
5331
4956
5753
5585
5247
5776
5407
5558
4341
4143
5651
5655
5214
5693
4723
5508
4067
4329
4750
4551
4637
5914
4485
4332
5420
5857
4338
5807
4129
5923
5187
5167
5387
5507
5754
5791
4271
4000
5054
4270
5308
5055
5473
4763
4586
4601
5194
5060
4718
5837
5363
5950
4374
4377
5803
4923
4337
5918
5394
5033
5980
5272
5225
5815
5698
4993
4823
5786
5312
4548
5731
5228
4982
4756
4620
4781
5234
4219
5964
4771
4991
5107
5589
4689
4736
5408
5286
4999
4785
5880
5070
5993
5979
5044
4905
5036
4521
4968
