5152
4199
4099
5913
4036
4305
5267
4007
4893
5650
4615
4830
5697
5540
4266
5532
5117
5391
4343
5279
5050
5405
4335
4309
5795
5588
4969
5159
4901
4194
5618
5665
5222
5371
4452
5365
4627
5865
5300
5159
4389
4622
5079
4306
4268
4936
5766
4163
4538
4281
4190
5536
5185
5329
5963
4617
4180
4632
5131
4556
4333
4958
4669
5978
4899
4066
5987
4547
4712
5885
5173
5205
5263
4347
5274
4699
5490
4505
5726
5750
4241
5612
4395
4110
5787
5444
5789
4032
4159
5182
4806
5728
4544
4370
5552
4938
4719
4017
4934
4325
4074
5725
5234
4814
4552
5160
4151
4712
4567
5681
4815
4480
4236
5484
4058
5700
5068
5902
4021
4589
5255
4137
4856
5702
5271
