5698
5458
5207
4148
4374
4532
5820
5011
5409
5583
4100
5258
5791
5214
4276
4084
5093
4876
5783
5687
4140
5502
5951
4438
5155
5696
4312
5697
5080
4592
4028
4580
5400
4279
4457
5059
5697
5601
5179
4177
5701
5220
5274
4740
4487
5402
4887
4038
4185
5847
5632
5265
4225
4021
5318
5820
5225
5578
5881
5951
4607
4947
4572
4975
5673
5764
5182
5510
4136
4949
4340
5127
4140
5831
4046
5614
5074
4917
5737
4921
5665
5141
5659
4108
5582
5385
5735
5107
5472
5121
5381
5794
5245
4420
4950
4568
4718
4464
4422
5653
4737
4111
5617
5344
5273
4833
4273
5542
4067
5075
4820
5228
4228
4994
5145
4321
4062
5133
4832
5551
5971
5469
4161
4554
4370
