4614
4225
5662
4961
4864
5158
4416
4246
4060
4378
4728
4300
5677
4904
5005
4850
4355
4727
5721
4275
5478
5926
5608
4111
4284
4127
4441
5760
5599
5627
5985
4103
5743
4704
5306
5330
4938
5640
5669
4049
5643
5460
4529
5332
5283
5497
5223
5034
4932
4583
5915
5884
5708
5704
5022
5305
5760
4993
5225
4669
5878
4371
5675
4998
4245
4864
5449
4691
4029
4084
5775
5411
5404
4319
4688
5295
5530
5350
5359
5724
4742
4306
5215
4660
5382
5314
5216
5836
4490
5835
4465
5179
4414
4014
5259
5963
4399
5077
4893
5046
5992
4140
4875
5586
4741
4755
4882
4296
5208
4928
4543
4463
5518
4740
4915
5364
4951
4328
5861
4888
5919
4312
5395
5310
5453
