4609
5773
5956
4077
4721
4687
5377
5288
5092
5412
4866
4537
4781
4667
4846
5940
4529
4944
4188
4435
5347
5496
4955
5448
5258
4444
5245
5935
4391
4128
4346
4117
5553
5713
4540
5126
4049
4232
4010
5794
4364
4546
5162
5945
4397
4441
5652
4458
5925
4746
4849
4790
5860
5323
5996
4890
5335
4935
4939
5040
5485
4022
4017
5441
4161
4927
5789
4416
5120
4002
5229
5499
4429
5669
5351
4968
5372
4594
4802
4287
5141
4505
5376
5757
4540
4120
5787
5360
4994
4984
5060
4485
5982
5497
4975
4830
4192
5579
4513
5328
5770
4860
5653
4993
4020
5238
5631
5165
5576
4532
5485
5964
5599
4235
5529
5145
5413
4904
5159
4352
5292
5211
5872
4514
5683
