5406
5990
5756
4363
5957
4004
4591
5363
5072
4238
5806
5429
4871
4915
5277
5467
4082
4348
4833
5340
4079
5441
5365
4534
4327
4213
5301
4981
4486
4752
4560
4613
5364
5022
5462
5350
5173
4869
4521
4331
4749
5734
4363
4239
5900
4266
5068
4697
5539
4175
4253
5791
4295
4981
4291
5190
4208
5216
5182
4577
4979
4794
4748
5192
5381
5920
4950
4587
5228
4885
4757
5445
5318
4113
4810
4919
4127
5394
5952
4352
5580
4734
4256
5186
5633
4901
4540
5571
4119
5861
5251
5045
4553
4962
5331
4371
4827
5986
5128
5702
4653
5137
4795
5456
5589
4605
5925
5580
4304
4840
4813
4944
5779
5496
5047
4208
4968
4421
5920
4266
4220
4504
4253
5429
4878
