4629
5662
5716
5077
4745
5689
5943
4992
5228
4248
4028
5758
4905
4395
5398
4254
5723
5628
4027
5299
5492
5646
5831
4851
4868
4250
5222
4683
5771
4897
5960
4744
4085
4011
5901
4880
4157
5211
5525
4147
5361
5872
5729
5165
5538
5346
4099
5673
5152
5233
5489
5548
5323
5882
4114
4531
5131
5437
4807
5949
5456
4155
4451
5193
5287
5922
4038
4565
4242
5149
4242
4945
4984
4619
4531
4014
4013
5696
5061
4869
4431
4067
4230
4297
4775
5309
4783
5860
4030
5522
4736
5871
4985
5660
5999
5102
4317
4741
4492
4983
5668
5600
4723
4371
5726
4986
5291
4789
4694
5724
5412
5491
4766
5256
5753
5076
4046
4628
4938
4079
4217
5504
4104
5414
4530
