4476
4646
5405
5387
4580
5856
5939
5628
5045
4111
5648
4939
5688
5988
4310
5889
4861
4791
4191
5365
5896
5413
4303
4594
4790
5880
4110
5809
4144
5605
4430
4469
5265
4157
4045
5908
5877
5159
5523
4040
4977
4907
4201
4455
4845
5515
4058
5667
4121
4108
5357
4420
5473
4170
5231
5593
4406
4601
5769
4857
4865
5049
4512
5352
4322
5362
5095
5367
4398
4997
5612
4822
5917
5382
5156
4285
4545
4400
5599
4398
4967
5852
4552
5977
4357
5078
5432
4718
5625
5697
4918
4492
4204
4886
5376
4234
4797
5554
4431
5775
5596
5051
5196
5056
5036
5022
5044
4660
4369
4590
5470
4410
4952
5477
5523
5306
5561
5014
4659
5972
4922
5395
4962
5128
4650
