4333
4414
4562
5024
4368
4376
5410
4584
4734
5320
5876
4250
4723
5802
4407
4208
4419
5389
4443
5016
5228
5628
5615
5867
4283
5229
5920
5245
4687
5232
5703
5862
5069
4381
5209
4453
4671
4562
5210
4218
5915
5501
4731
5965
4261
5123
4773
4209
4880
5040
5297
5612
5360
5248
5827
4577
4871
5783
5209
4340
5618
4308
5400
4675
4995
4004
4278
4487
4443
4093
5499
4301
4733
5461
5319
5476
4564
4589
4741
4596
4292
4944
5156
4185
5519
5169
4293
4613
4756
5320
5591
5621
4881
5268
5293
4050
4180
4859
5810
4025
5874
5168
4473
4621
5903
4027
4945
4837
5218
5526
4180
4516
5371
5569
4796
5885
5006
4957
5674
5958
5311
4121
4103
5597
4865
