5054
5756
5881
5622
4979
4457
4055
4780
4431
4864
5380
4198
4724
5135
5122
5215
5775
5348
4761
5642
5468
5843
4021
5801
5112
4483
5481
5474
5201
5956
4873
4211
5954
5623
5859
4795
5824
4304
4560
4306
5947
5233
4122
5975
4917
4660
4784
5284
5161
4141
4197
4330
5247
5491
5510
5226
5453
5847
4251
4107
5302
4133
5597
4447
5653
5559
5709
4453
5746
5018
5727
4557
5170
4898
5245
4725
4848
4890
5138
4948
5644
5597
4234
5588
5334
4017
4084
5026
4530
4874
4688
5476
5881
4641
5772
4253
5299
4296
5429
5812
5798
4967
4545
4832
4919
4634
5660
4066
4764
4334
5296
4012
5052
4523
4686
4702
4973
4145
5345
4190
5849
5255
5088
5563
5642
