4490
4989
4513
4398
5801
4110
5668
4675
4052
5133
4951
5726
5729
5238
4948
5946
4656
4730
5321
4829
4531
5222
5519
4978
5033
5774
4082
4620
4381
5505
4574
5510
5544
5995
5203
4235
4674
4129
4796
5060
5512
5083
4216
5956
5326
4568
5093
4662
4142
5933
5570
4233
4832
4764
4627
5825
5249
5561
5241
4954
4737
5917
4914
4584
4454
5152
5105
5138
5951
4978
5744
5066
5032
5095
5383
4810
5077
5413
4948
4948
5232
4190
4254
4139
5078
5011
5509
4770
4627
5645
5780
5002
5348
5356
4944
4788
4261
5231
4675
4841
5517
4294
4471
4741
5963
4947
4061
5627
5326
5980
5703
4886
4194
4407
5774
4913
5087
5559
4847
4648
5246
5078
5881
4591
5056
