5121
5723
5324
4404
4294
4287
5831
5032
4910
4639
4860
5806
5289
5863
5299
4634
4236
5054
4412
4893
4125
5512
4226
5577
5994
4234
4905
4289
5143
5640
4200
4121
5821
5314
4430
4826
4187
5403
4316
5197
4030
5852
5206
4021
4350
5619
4336
5221
5087
5874
4561
5827
4950
4356
4623
5214
5447
5132
5435
5051
5566
5035
4613
5742
4461
4181
5966
5336
4050
5249
4153
4625
5133
4130
4271
5279
5505
4293
4149
5811
4820
5085
4960
5476
4899
4033
4520
5876
4919
4088
4139
4020
4115
4774
5087
5826
5264
5308
4051
5696
4159
5690
5625
5411
5061
5370
5031
4833
5753
4313
4784
4965
4909
5391
5410
5478
4519
4578
5678
5818
5492
4417
5924
5940
4272
