4817
5560
5404
5728
5831
4464
4224
5345
5224
5116
4063
5097
4956
4120
5580
5810
5323
5337
5514
4793
5669
5246
4009
5043
4223
4101
4962
4998
4953
4639
5593
5910
4272
5025
5006
5475
4224
4692
4706
5121
5017
4079
5263
5521
4377
4253
4304
5545
5321
5621
4819
4607
4022
4017
5409
4174
5111
5474
4171
4821
5241
4928
5447
5159
4146
5620
4303
4951
5014
5538
5835
5739
5705
5518
5299
4352
5223
5471
4988
4817
5781
4964
4685
4753
4947
5507
4787
4457
5488
4530
5304
5108
5894
5269
4089
4377
5239
5552
4607
5533
5587
4694
5064
5668
4014
4562
5415
4208
4000
5294
4916
4796
4867
5259
4700
4807
4075
4602
4244
4862
5133
5774
4718
5817
4872
