4847
4201
4090
5753
5013
4768
4802
5871
5754
5717
5856
5985
4126
5940
5302
5485
4561
4841
5470
5030
5905
5015
5585
5589
5956
5170
5603
5638
4761
4599
4171
4026
4252
5664
4314
4669
5053
4024
5357
5656
5537
5249
5655
4969
4669
4877
5096
5237
5271
5109
4679
4912
4072
4639
4081
4452
5879
5858
5030
4956
4514
5796
5873
4848
4832
4498
5786
5171
5026
5185
4216
4261
5816
4363
4860
4751
5443
5664
5428
5691
5161
4245
4445
4607
4460
4931
5815
5508
5163
5006
4081
5152
5874
5972
5356
5544
4005
4022
4422
5925
5327
4527
5707
4250
4319
4869
5091
5288
5162
5481
4490
5295
4825
5050
5376
4080
5165
5942
5213
4628
4880
4245
4565
4751
5182
