4424
4131
4291
4624
4061
4066
4528
5099
4978
4970
4027
5923
4302
5653
5426
5655
5438
5065
4908
4029
4334
5096
4355
4242
5710
4272
4003
5721
5750
5314
4322
5752
4377
5126
5123
5878
4424
4259
5715
5048
5056
4976
5739
4092
5555
4284
4341
5976
4906
5185
5665
5262
5089
5073
4032
4993
4422
5827
5362
5259
5090
5881
5136
4713
4618
5605
5085
4836
5960
5384
5965
4748
5887
5582
5355
4317
4919
4540
4188
5136
5117
5352
4907
5158
4238
4996
4119
4519
4067
4101
5970
5833
5691
4291
4491
5076
5831
5916
5762
5875
4362
4633
5023
4367
4476
5847
5880
5069
4048
4405
4721
5188
4140
5440
4505
4432
5560
5779
4411
5442
4861
5738
5896
5355
4657
