4685
5085
5017
4985
5290
5199
4660
5689
4197
4215
4551
5067
5498
5668
4943
5243
5837
4481
5738
4638
5969
5667
5821
4041
4557
5908
4710
5596
4296
5264
5420
5564
4092
4084
5310
4914
5141
4723
4029
4294
4362
4234
5127
5181
4539
5852
4988
5585
4810
5767
4367
4651
4953
4172
4080
5814
5616
4433
4141
5106
5346
4079
5107
5040
5129
4659
4982
4558
5763
5710
5400
5746
4403
4296
4138
5510
5272
5586
5551
5739
5428
5402
5784
5256
4189
4795
4100
5983
5139
4917
5089
5170
5318
5889
4853
4761
5568
5277
4340
5262
4687
5247
4423
5757
5181
4223
4722
4626
5299
5469
4949
5816
4698
5627
4281
4255
5009
5279
5745
4729
5004
4507
5667
5487
4790
