4991
4592
5826
4710
5415
5619
5760
4511
5054
4477
4940
5751
4969
4824
4795
4875
5957
5125
4543
5783
5177
4063
4364
5576
4594
5623
4782
4047
4973
4152
4710
4401
5646
4381
5400
5254
5062
5163
5823
5822
4414
4350
4980
5155
4249
5125
4234
4089
4164
5394
4517
4333
5441
4789
4086
4006
4533
4001
5468
4440
4436
4307
4665
4671
5961
5829
4800
5875
4154
4116
5175
4061
4872
4927
5088
4982
4455
5225
5588
4539
4596
5983
5726
4608
5403
4304
4543
5321
5889
5426
4961
4345
5291
5531
5645
5495
4229
4438
4743
5536
5272
5775
4460
5836
5467
4429
5099
5418
4955
5698
4004
4555
4696
5291
5737
4211
4817
5933
4484
5627
5247
4773
4485
5368
4972
