5946
4659
4571
4300
5610
5007
4614
5722
5288
4241
5776
4907
4859
5813
4198
4064
4460
4772
5279
4905
5359
5174
4764
5993
5243
4707
4497
4087
5370
4753
5571
4951
4564
5924
4972
4549
5664
5475
4810
4685
5033
5231
4348
4494
5164
5360
5580
4717
4307
5775
5293
4352
5836
4110
4819
5302
5076
5771
5958
5776
4888
5958
4831
4616
4481
4631
4346
5178
5671
4167
4950
5299
4407
5858
4666
5718
4506
5727
4709
5314
4402
4773
5573
4665
5795
5753
4329
5829
5669
4682
5911
4552
5014
5339
4587
5610
4189
5095
4694
4804
4851
4410
4450
4948
5926
4277
5082
5067
4005
4569
5562
5212
5966
5911
4770
4597
5371
4204
5151
5027
5450
5859
5724
5344
4734
