4139
5428
4628
5314
4914
4673
5672
4263
5367
5518
5656
4582
4730
5035
4939
5539
5081
5747
4858
5858
4463
5004
5179
5753
5038
5944
5418
4883
5642
5795
5888
4900
4318
5367
4141
4113
4920
5616
5386
5808
4185
5042
5449
4687
5257
5553
5074
4393
5311
4820
5389
4011
4724
4754
5586
4122
5403
5958
5616
5668
5557
4195
5718
4327
4092
4083
5288
4211
5742
5099
5378
5536
4879
4486
5443
4845
4564
4032
4399
5488
4650
5708
5339
5200
4206
4551
4389
5885
5469
4916
4011
5850
4923
5702
4229
4899
4814
5646
5207
5253
5415
4870
5183
5019
5036
4935
5661
4441
5877
5274
4485
4551
4037
5624
4630
5774
5573
5165
5548
5147
4616
4044
5994
4405
5291
