5639
4320
4399
5932
4837
4664
4887
4429
5689
5327
4679
5798
4224
4963
4057
5694
4429
4372
4978
4724
4160
5385
4173
5731
5776
4103
4709
4169
4896
4136
5649
4232
5023
4941
4671
4089
4002
5974
5358
4699
4019
5715
4092
4791
5403
5068
4532
5194
5405
5255
4818
4167
4605
4340
4923
4170
5338
4087
5231
4277
5889
5346
4108
5282
4228
4798
4850
5293
5524
5496
4245
4202
5962
4370
5670
4450
5907
4104
5550
4410
5289
4866
4336
5513
5758
4465
5612
4065
4039
4015
5217
4423
4349
5295
4692
4097
5962
5464
4692
5345
4689
4046
5782
4105
4230
4141
4621
4062
4350
4088
5935
5382
5421
4295
4415
5395
4967
4292
5871
4937
4993
5835
5950
5317
4825
