5082
4400
4158
5492
5991
4141
4978
4630
4717
5799
4979
5306
5504
5586
4435
4398
4212
5077
5428
4322
4319
5437
4147
4518
4012
4766
5426
4450
5557
4643
5013
5458
4405
4970
5787
5201
4015
5641
5202
5399
5749
4570
5319
4726
5494
5405
4385
4043
5824
5779
4345
4119
4246
4365
5381
5776
5465
5545
5635
4983
5275
5280
5418
5902
5042
4945
5541
5408
5311
4653
4269
5753
5690
5543
5826
4449
5010
5733
4463
5748
5132
4977
5389
4481
5869
4180
4637
4170
4947
5223
4855
4173
4759
4757
4402
5235
5356
4260
4400
5470
4807
5316
5039
5277
5534
4550
4063
5626
4920
4022
5121
5177
4917
4556
4059
5808
5575
4272
4564
4775
4103
5973
4336
4554
5619
