5970
4597
4742
4959
5800
4067
4910
5420
5771
4234
5724
4976
5700
4466
4668
5081
5097
4817
4639
4667
4691
5900
4592
5736
4890
5729
4075
4290
4529
4639
5386
5674
5571
4102
4154
4187
4869
5215
5274
5289
5962
4320
4817
5794
4362
5360
4938
4504
4591
4546
4944
4875
4003
4923
5222
4020
4219
4767
4384
4269
5937
4367
5967
5691
5575
4285
5322
4230
4023
5266
4719
5858
5572
4703
5521
5408
4674
4281
5084
5104
4870
4763
5195
5086
5233
5810
5142
4351
5836
4264
4822
5195
5408
4155
4190
4818
5451
4005
5697
4103
4543
4785
4231
5991
4712
5381
4715
5909
4229
4437
4190
4150
4680
4708
5384
5567
4742
5405
4574
4428
5929
5263
5626
4096
5783
