5119
4570
4267
5220
5703
4332
5414
5292
5160
5729
4522
4880
5633
5384
4648
4299
5862
4731
4180
4101
4804
5777
4023
5674
5021
5847
5061
5560
5548
4616
5831
5862
4759
5411
4643
5668
4966
5689
4292
4242
4114
5148
5313
5812
4171
5893
5200
5607
4973
4909
5936
5776
5015
4467
5387
4798
5846
5638
5980
4887
5950
5840
4170
4150
4276
5365
4179
5050
4124
4276
4506
4908
5948
4360
5614
4235
4419
5325
4654
5449
5972
5309
4420
4060
5900
5393
4287
4844
5844
4396
4472
4556
4293
5107
5249
4573
5415
5019
5369
5464
4960
4009
5147
5662
5938
4970
5072
5165
4070
5445
4026
4278
5812
4633
5907
4100
5500
5180
4093
5348
4969
5803
4819
4343
5412
