5279
4533
5799
5125
4433
4840
5225
4662
4167
4886
4344
4819
5671
5214
4198
4930
4437
5306
5018
4847
4731
4366
5613
5598
4309
4710
4481
5472
4968
4462
4675
5379
5837
4129
4191
5305
4708
4127
5441
4768
5037
5720
4769
4926
4783
5525
4164
4160
4436
4499
4082
4367
4677
4435
4267
4697
4368
4277
5228
4231
5791
4611
4305
4243
5102
4644
5121
4344
4170
4425
5192
4378
4185
5197
5891
5929
5959
4902
4278
5157
4820
4888
5085
4008
5020
5783
4933
4637
4967
5078
4346
5534
4060
4742
5243
4414
4475
5570
4564
4492
5375
5233
5114
5169
5897
5210
4909
4367
4914
5381
4030
5151
5607
4583
5250
4259
5717
4832
4952
4449
4804
5846
4770
4794
5688
