4855
5704
4006
4330
5297
4380
4690
4245
4026
4522
4840
5174
5093
5667
4204
5379
4334
5488
5584
5700
5383
5944
4211
5391
4538
5925
4565
4985
4219
5294
5307
4487
4231
4456
4296
5892
5293
4790
5489
5423
4726
5166
4966
4221
5071
5791
5038
4853
5588
4582
4048
5885
5953
5345
5726
4424
5837
5698
5828
5875
5035
5225
4122
4806
5254
4961
5495
5555
4550
5406
4111
5646
5880
5645
4413
4799
4484
5438
4791
5582
4826
5300
5457
4357
5872
5771
5464
5703
4088
4237
5966
5265
4262
4625
5036
4769
4444
4684
4961
5885
4868
4076
5736
5340
4131
5979
4545
5534
4417
5331
5974
4760
4270
5471
5196
4050
5915
4987
4415
5507
4773
4875
4388
4388
4139
