4373
4070
4108
5991
4055
5068
4994
5209
5311
4582
5464
5747
5556
5387
4792
5719
5328
5557
4297
4192
5441
5543
4594
5162
5936
4569
4654
4313
5061
5499
4379
4917
5170
4009
4418
5260
4527
5586
4844
4083
5075
4520
5735
4145
5636
4133
4324
4483
4660
4218
4857
4933
5866
4283
5337
4595
4417
4810
4721
5947
5242
5461
5820
4598
5891
4056
4633
5184
5159
4049
4313
5947
4361
4530
4809
5320
5859
5946
4187
4322
5502
4796
5796
5976
5947
4981
5883
4216
5227
5906
4635
4102
5878
5470
4095
5420
5869
5339
4524
4062
5554
5582
4531
5171
4737
5024
4402
5767
4827
5729
5358
5828
5070
4866
5835
5777
4708
5354
5922
4439
5701
4480
5399
5119
5117
