4242
4308
5224
5334
4748
5661
4393
4708
4170
4096
4829
5413
5026
4158
4625
5064
4471
4363
5207
4996
5566
5040
5695
4167
4026
4157
4594
4845
5367
4675
5084
4025
5528
5637
4655
5174
5543
5410
5624
4317
4216
4912
5514
4986
4948
5032
5282
5979
4582
4444
5256
5928
5260
4062
5844
4668
4724
5725
4896
5702
5067
4219
5588
4472
4692
5490
4015
5698
4695
4899
4788
4008
4708
5097
4012
4921
5439
5994
5118
5516
5349
5963
4450
4331
4885
5805
4155
4595
4385
4207
4811
4428
5481
5339
5413
4303
4098
4058
5720
4966
4863
5372
5787
5563
5982
5689
5336
5194
5510
4840
4266
5290
5098
4454
4208
5910
4050
5337
4281
5990
5189
4502
5794
5339
4285
