4009
4515
5060
4998
4981
4314
4292
5043
5315
5498
4977
4047
4062
5359
4924
4859
4086
4510
4086
5546
4588
5798
5939
4349
4278
4311
4154
4233
4270
5011
4779
4535
5677
4127
4168
4647
5277
5999
4423
5890
4884
4469
5233
4717
4679
5628
5682
4684
4225
5093
5532
5311
4639
4318
5831
5964
4486
4392
5426
4047
5445
5599
5843
4543
4282
5805
5375
4356
4519
4418
5317
5641
4895
4589
4478
4750
5653
4403
5205
4601
5831
5289
4237
4114
5505
4966
5696
4793
5573
5045
5323
5500
5736
5083
5750
4871
5709
4113
5268
4915
5601
5845
5768
4256
4410
4723
4746
5278
4815
4161
4804
5926
4128
5862
4599
5558
4986
5027
5247
4599
4305
4424
4988
5729
4270
