4251
5283
5992
5242
5066
4828
5405
4330
4784
5222
4659
5639
5266
5458
4752
5164
4484
5040
5332
5666
5884
4490
5907
5984
5150
5527
5331
4709
4663
4835
4775
4000
4238
4786
5170
5689
4517
5634
4292
4625
4798
5307
4013
5311
4134
5355
4894
5843
4734
4788
5779
5131
5287
4504
4634
5302
4180
5318
5870
5276
4718
5865
5561
5902
4027
4097
5260
5423
5269
5343
5065
4300
4679
4043
5120
4173
5301
5507
4065
4360
5385
5940
5259
5487
5224
5474
4210
5136
5366
4942
4660
4869
5589
5043
5460
5075
4822
4079
4684
5758
4193
4455
4893
4893
4477
5692
5659
5700
4705
5198
4247
4765
4388
5180
5767
5617
5786
4916
4662
5845
4583
5920
5007
5336
5947
