4521
5012
5148
4239
5469
4174
4062
4982
5709
4370
4524
4277
5826
5450
4970
4437
5039
5413
5025
5193
5620
5537
4650
4600
5121
5361
5715
5331
5643
4486
4804
4772
5229
5366
5307
5639
5421
4450
5745
5784
5428
5295
4427
4470
5827
5449
5292
5232
5128
4290
5663
4219
4243
4051
5201
5271
4990
5381
5963
4700
5802
5858
5478
5646
5143
4685
5741
5974
4841
4007
5773
4705
4243
5725
4806
4485
4688
4145
5460
4448
4821
4052
5150
4622
4260
4162
5360
4795
5788
5953
4507
4852
4339
5974
4881
4178
4723
4927
4478
5127
5912
4254
5214
5843
5182
5579
4224
5583
5502
4911
5704
4419
4214
5024
4566
5189
4274
5261
5624
5319
4325
4112
4515
4127
4352
