4359
4716
4068
5869
5901
5620
4693
4855
5423
4365
4936
4810
5593
4020
4583
4600
4000
5870
4600
4917
4761
4868
5427
4222
4577
5568
5696
5753
4245
5165
4641
4289
4019
4274
5242
5584
5415
4526
4506
5950
4813
4979
4138
5436
5020
5021
4846
5050
4355
5500
5540
4796
5024
4679
4377
5039
4348
5072
5654
4263
4292
4868
5568
4957
4007
5043
4973
4944
5341
5470
4959
4939
5730
4104
4623
5803
5994
4626
5039
4598
4688
5012
5280
4888
4901
5060
4548
5030
4266
4123
5948
5519
4694
4600
5965
5584
4291
4931
5621
5966
4309
5861
5073
4655
4609
4916
5125
4848
4627
5261
4331
4047
5335
5218
4611
5951
4044
5615
4894
4168
4272
5840
5051
5672
5834
