5337
5802
4097
5148
4603
4928
5661
5702
4317
5982
5513
5447
5135
4817
4004
5859
5591
4887
5130
5402
5074
5759
4536
4551
5990
5159
4207
5342
5354
5967
5385
4812
4848
4838
4564
5549
4056
5744
5249
5160
4803
5114
5778
5985
4178
5093
4334
4935
5921
4472
4102
5985
4750
5066
5109
5587
5930
5380
5219
5260
4312
5569
4470
5888
5806
5226
4181
5281
4018
5998
4082
5154
4840
4578
4572
5271
5550
4969
4438
5572
4738
5135
5313
5826
4082
4883
4933
5966
5893
5530
5097
5046
4140
5828
4102
4515
4942
4296
5349
4602
5831
5807
4924
4834
5320
5055
4264
5338
5659
5297
5827
5249
5166
4615
4435
4828
4876
4711
4513
5184
4070
4277
5651
4315
5652
