5044
4771
5343
4960
5236
4186
5007
4488
5077
4854
4577
5573
5909
4761
4421
5556
5812
4591
4577
5077
4303
5800
4488
5145
4904
4423
4501
5081
4473
4115
4568
5927
4851
5553
5898
4525
5383
4801
4653
4983
4502
4521
5211
4395
4561
5074
4683
4179
5161
5193
5182
5666
5979
5479
4471
5948
5458
5926
4289
4515
4964
5560
5077
5023
5972
5212
5252
5717
4874
5162
4145
5181
4273
5592
5839
5249
5446
4465
5190
4428
5072
5452
5349
5011
4627
5956
5530
4974
4389
5865
5110
4425
5426
4572
5311
4688
4061
5826
5823
5871
5726
5611
5166
4405
4328
5909
5101
4387
5687
5203
5135
4683
5790
5929
5242
5578
4065
4158
4500
5420
5267
5111
4446
4103
5818
