5188
5176
4810
4799
4869
4709
4196
5129
4190
5611
5726
5042
4726
5368
4383
5838
4157
4744
4880
4080
5014
5824
4965
5177
5457
4108
5847
5434
5413
5624
4979
5176
4905
4883
4809
5671
5224
5136
4194
5184
5509
4298
4379
4412
4030
4332
5581
4181
5954
4749
5713
5471
4495
4677
4212
4004
5133
5442
5032
5015
5506
4471
5787
4545
5803
4124
4490
5558
4268
4566
4566
4939
4823
4714
5596
5963
5694
4666
4225
5638
4913
4969
5553
4422
4537
4851
4452
5720
5364
4183
5082
4268
5523
4872
5912
4867
4325
5839
5910
5025
4046
4192
5703
5939
5138
4269
4533
4929
5259
4930
4953
4559
4320
4619
5532
5189
4118
4378
4428
5385
5500
4852
5479
5029
4900
