5665
4270
5705
4755
5392
5120
4479
4728
5743
5795
5970
4901
4318
5346
5527
5209
4797
5637
5078
4927
5405
4616
5061
5416
4265
4177
4520
5427
4975
5166
5288
5316
5837
5911
5256
4573
4934
4699
4402
5351
5114
4856
5707
5781
5558
5946
4597
5309
4481
5268
5347
5210
5460
5963
5364
4424
5636
5754
4030
5249
4389
5971
4290
5201
5279
5031
5102
5239
4109
5369
4576
4312
4354
4858
5620
5186
4460
4028
5944
5544
4775
5324
4497
5715
5657
4531
5563
4153
4610
4943
5864
4895
4936
4110
5885
5204
4200
5937
5407
4246
5567
5105
4271
4153
5659
4938
5729
4335
4387
5369
4353
5914
5160
5806
4943
4353
4878
4100
5107
4495
5775
4632
4054
4683
4430
