5451
4895
5136
5214
4047
5406
4648
5058
4440
5331
4513
5976
4325
5288
5249
4112
4626
4856
4479
4622
4195
5842
4994
4413
5538
5156
5726
4076
5339
4759
5659
5687
5559
4275
5701
4616
4433
4535
4871
5189
4523
5307
5651
4280
5354
5600
5894
4762
4345
5894
4004
4283
4063
4158
4366
5870
5191
5592
4034
5814
5530
4848
5538
4437
5323
5226
5036
5010
5072
5665
4790
5797
4695
5363
5042
5534
4811
5300
4304
4662
4914
5025
4947
5526
4276
5763
5638
4330
5623
5315
4360
5995
4594
4392
5991
4210
4320
5084
4013
4207
4353
5060
4793
4666
4797
5789
5310
5185
4399
5251
5972
4513
5704
5610
4917
4928
4337
5065
4025
4757
4078
5376
5844
4316
4003
