5697
4846
4985
5271
5884
4244
5786
4011
4757
5185
4085
4682
4615
4500
4260
5466
4117
5636
4317
4836
5751
5526
5175
4641
5011
4798
4504
4949
4901
4139
4125
4821
4420
4808
4835
4497
5786
5431
5414
5634
4136
5666
4026
5870
4778
4367
4127
5691
5880
5100
5809
5848
4909
5491
5532
4654
4184
5052
5572
5154
5168
4805
5541
5448
5650
5568
5636
5803
4160
5730
5664
4318
4519
4930
5561
4985
5077
5459
5447
4471
4365
5145
5942
5525
4920
5527
4476
5156
4589
4792
5141
5107
4940
4145
5701
5506
5245
4452
5173
4846
5019
5246
4691
4646
5606
5633
4320
5886
4389
5113
4556
5154
4828
4848
5610
4938
4845
4012
4582
4403
5066
4950
5606
4258
5592
