4719
4282
5824
4344
5098
4291
4588
4071
5964
4695
5690
5957
4194
4327
4757
5666
5529
4724
5902
5204
5966
5374
5833
5269
4744
4189
4680
4578
5674
4473
4123
4140
4500
4233
4455
5156
4463
4605
4751
5918
4918
5307
5795
4260
4992
4611
4425
5506
4020
4125
5564
4031
5945
4919
4070
4696
5648
5749
4622
5124
4525
4256
4975
4794
4562
5810
5530
5511
4045
4766
5291
5502
5328
5231
4861
4943
4376
4717
4914
5467
4680
5203
4410
4738
5447
5473
5385
5469
4540
4151
5526
4322
5990
5280
5535
5255
5798
5718
4326
4882
4718
5775
5033
5168
4943
5461
5085
4013
4005
5682
4505
4743
5026
5014
4141
4343
5717
5153
5303
5721
4290
4984
5646
4948
4397
