5486
4519
5797
5108
5415
4512
4741
4329
4616
4990
4535
4978
5050
4643
5771
5860
5072
4451
4834
5269
4474
5874
5249
4742
5045
5911
4981
5840
4557
4534
5190
4174
5716
4663
5920
5753
4593
5123
4367
4832
5485
4283
5872
5435
5258
5438
5028
5533
4279
4070
5222
5576
5910
4755
4844
4053
5797
5805
5659
5073
4460
5393
4904
5921
4300
4017
5427
5331
5319
5032
5132
4599
5829
5284
4689
5064
5023
4811
4310
5056
5663
5517
4787
5592
5290
5296
5471
4200
4011
4680
5343
4118
5227
5828
4757
5330
4608
4287
4700
5044
4074
4501
4569
5193
4457
5706
4276
5830
5561
4413
4469
5532
4418
4843
4791
5783
5351
5258
4472
5084
5404
4444
5378
4859
5710
