4631
4375
4479
4487
4861
5788
5929
5137
4533
5513
4680
5574
5705
5051
4903
4476
5320
4104
4297
5150
4752
5681
4220
5513
4556
5361
4648
5362
4622
5872
5293
4642
5173
4262
4427
5374
4437
4402
5087
4848
5553
5947
4435
5758
4618
4737
4735
4972
5904
5005
5825
4407
5895
4000
5964
4610
5531
4319
5797
5007
5982
4580
5869
4516
4516
5899
5937
4407
5382
5687
4690
5940
5913
4081
5921
4054
5845
4504
5309
5582
4668
5558
5704
5750
4467
4160
4571
4585
4619
5612
5082
5393
5179
4625
5979
5136
4378
5608
5778
4685
5709
4769
4077
5048
4630
5986
5149
5596
5416
5748
4451
5158
4526
5001
5736
5018
4338
5937
5929
4697
4859
5019
4474
5286
5632
