5362
4368
4961
4696
5929
5206
5857
5221
4915
5543
5743
4106
4795
4108
5251
4049
4281
5226
4894
4728
4571
5496
4327
4341
4128
4555
4522
4907
4181
5434
5329
5352
5301
5887
4813
4985
5072
4994
5212
4394
5127
5912
4424
4040
5559
5845
4461
5001
4631
5779
4572
5656
5240
4849
4022
5239
4474
4696
5085
5480
4656
5427
5726
4994
5093
5400
5670
5301
4425
5721
4841
4489
5243
5552
5675
4351
5631
4120
4587
4921
5350
4715
5592
4442
4599
5740
4581
4179
5551
4900
4796
4722
5434
4795
4202
5801
5984
4466
5609
5836
5070
4448
5339
4686
5427
5543
4099
5881
4012
4076
4556
4355
5099
5045
4418
4281
4278
4442
5570
4375
5487
5942
5589
4489
5421
