5283
5680
5175
4325
4389
5790
5401
4370
4351
4886
5008
5728
4790
4828
4131
5441
5566
5355
4282
4354
5653
4933
4161
4814
5572
4778
4433
5359
5358
4704
4209
4125
4116
5082
5614
4249
4948
4218
4024
4845
4731
4223
5109
4695
4209
5335
4261
5397
5985
4117
5674
4807
5820
5464
4907
5046
4262
5419
4778
5378
4550
5134
5356
5155
4865
4072
5533
4600
5348
4110
5769
5034
5215
4361
5455
4905
4117
5843
4968
5226
4105
5712
5899
5916
5933
4093
4546
5161
5348
4435
5941
4142
5557
5689
5750
5331
5799
5069
5813
4315
4982
4111
4619
4667
4836
4304
4732
4735
4107
5582
4893
4171
5977
4884
4535
5326
5349
5952
4260
5981
4830
4187
4423
5859
5491
