4956
5489
5214
5334
5639
4891
5604
4897
4148
5676
4400
5410
5162
5014
5040
4761
5379
5941
4259
4624
4283
5124
4673
4142
4903
4865
4554
5034
5353
5301
4587
5989
4046
5505
5407
5159
5562
4579
4658
5512
5414
4378
4791
4279
4226
5513
4767
4420
5312
4908
4939
5868
5423
4825
4319
5183
4797
4645
4811
4473
4264
4249
4248
4629
4354
4797
5710
4143
4602
4133
4452
5399
5299
4109
5894
4976
5138
4103
5300
5138
5154
4721
5352
5298
5408
5028
4547
4801
5570
5741
5252
5567
4206
5620
5735
5265
5569
4122
5256
5050
5428
4747
5140
5257
5708
4489
4835
5012
4040
4030
4869
5373
4795
4403
5374
5778
4344
4094
4160
5855
4063
5319
4259
4974
5637
