4974
4256
5138
4442
4808
5676
4363
4275
4275
5175
4217
5487
4867
5026
4197
4583
4720
5235
4656
4893
4579
5066
5091
5722
4500
5174
5260
4029
5387
5948
4541
4171
5228
4160
5032
4433
4970
4887
5078
5059
4350
5132
5790
5203
4513
4888
5236
4664
4112
5719
4782
4226
4600
4507
5800
5787
5651
4989
4791
4403
5371
5775
4614
4013
5745
4500
5477
5483
5500
4071
5469
4014
5251
5582
5777
5105
5777
5115
4059
4202
5006
4831
5029
5534
4290
4298
5512
5080
5847
5311
5093
4952
4849
5488
4194
5750
5915
5295
5735
5457
4300
5886
5810
4784
4163
5102
5721
4526
5850
5763
5911
5650
5142
5478
5383
4042
5264
5391
5137
5758
5225
5540
4350
4459
4800
