4301
5195
5464
4740
5554
5389
5718
5979
5660
5877
5323
4599
4529
4425
4993
5386
4352
5014
4194
5534
5406
5481
5203
4391
5409
5039
5542
5463
5202
5114
5978
5014
5415
5342
4647
4511
4621
4084
4968
4214
4169
5374
4760
5626
5261
5596
4758
5185
5396
5975
5865
5204
5896
4607
5024
5542
4344
4120
4740
5217
5260
5111
5844
4470
5001
4437
5071
4768
4569
4744
5018
5985
4816
5061
4075
4112
5385
4279
4568
4366
5117
5603
5457
4330
4159
5716
5372
5466
4901
4780
5679
4822
5872
4644
4191
4089
5235
4448
5241
5965
4959
5939
5665
5487
5983
4497
5604
4451
5248
4182
5786
5024
4226
5135
4376
4176
4033
5614
5039
5802
5049
4251
5034
5569
4385
