4705
5690
5699
5460
4221
5416
4820
4602
4727
4849
5580
5447
5811
4221
5478
5752
4901
4667
4218
5707
4749
5898
4988
5575
5608
5861
5573
4736
5648
5459
4724
4392
5368
5385
5116
4758
4269
4572
4253
4902
5797
4273
4264
4292
5225
5405
5378
4576
5020
5292
5009
4071
5704
4624
4429
5106
4064
4556
5390
4011
4813
5123
5772
5946
5464
5819
4103
5217
4166
4925
5054
5257
5735
5226
5791
4202
4936
5407
5135
5820
5849
4289
5435
4630
4247
4498
4332
4925
5321
4748
5521
5622
4747
4664
4583
5097
5431
4350
4976
5114
4180
4843
5026
4680
4268
4916
4701
5108
5141
4218
5646
5021
4917
4991
5162
4591
5983
4140
4194
5454
5234
4187
4701
4884
4985
