4676
5720
4004
5726
5822
4972
4196
4998
5088
4459
5317
5340
4964
5868
4098
5941
5637
4908
4442
5232
5018
5388
5706
5224
5940
4276
4537
4282
4554
4398
4611
5816
4895
5584
4377
4138
4530
4462
5293
5917
5309
5035
4533
4501
4310
4936
5046
5751
4519
5508
5151
5241
4355
5453
5592
5906
5224
5017
4826
4432
4890
4680
5473
5987
4716
5816
5294
5666
5340
4676
4878
4514
5558
4564
5882
5939
5875
4270
4130
5956
5923
4653
4802
5620
5411
4441
4433
4322
4390
5276
5935
4755
5346
4679
5301
4508
5833
4489
4487
4237
4382
4360
4648
5492
5095
5417
5608
5960
5847
5145
5163
4593
4424
5628
5506
4798
4497
4388
4956
4537
5656
5942
5149
5127
5420
