4375
4454
5517
4274
5367
5865
5980
5393
5482
4386
4216
4991
5994
5162
5318
5376
4115
5942
4948
4994
4376
4250
5403
4896
4351
5638
4538
5538
4141
5566
4137
5469
5952
5680
4222
5475
4869
4294
5727
4484
5405
5911
4305
5747
5019
5438
5850
5608
4052
4608
4213
5617
5438
5111
5714
5255
4570
5786
4737
5381
4923
5591
5351
4889
5732
5525
4657
5971
5727
5708
5562
4004
5120
4054
5944
4910
4128
4135
4054
4546
5230
4804
5825
5248
5681
4032
5522
4948
5595
4488
5372
5114
5652
5685
4166
4236
5334
5037
4636
4380
5569
4967
5056
5160
4549
5094
4811
5951
5731
4496
4101
4597
5747
4071
5686
4551
4374
5658
4324
4587
5241
5138
4376
5730
4496
