5937
5725
5170
4517
4988
4925
5200
4439
5674
5844
4591
4587
5908
4098
4520
4945
5929
5545
4204
4530
4516
5485
4164
5548
4484
5227
4420
5732
4486
4215
5496
4078
4481
5802
4694
4416
5677
4674
5870
5600
5812
4378
4683
4886
4673
5259
5116
5560
4535
5589
5891
5462
5236
5022
5324
5199
5443
5311
5320
5203
5041
4332
4570
5952
5439
4226
4132
5737
4060
4747
5601
5652
5215
5401
4116
4275
4917
5473
5748
5806
5838
4556
4444
4654
4179
5193
5370
5216
5493
4042
5862
4038
4415
5587
4977
4139
4963
5159
4155
4194
5564
5919
4542
4887
4388
5246
5484
4780
5477
4810
5501
4841
5948
4416
4343
4093
5780
5616
4837
4219
4388
5613
5832
4937
5491
