5925
4927
5555
4889
5350
4641
5222
4187
4966
5604
4349
5184
5939
4363
4960
4190
5527
4948
4441
4393
5428
4244
4888
4895
4406
4484
5290
4391
4185
4726
5375
5502
4074
5351
4204
5028
5283
5188
4598
4241
5430
5268
4244
5982
5550
4781
5813
4240
4697
4454
5734
5494
4036
5927
5276
5771
4719
4999
4000
5243
4275
5995
4864
4644
5050
4599
5068
5461
4539
5776
4006
4528
5532
4191
4599
5832
5933
5564
5672
4606
4273
4364
5525
5707
4161
4994
4035
4593
5657
4397
4039
4574
5767
5880
5039
5710
4499
5137
5324
5130
4875
5759
4118
5131
5328
5425
5107
4877
4168
5159
5878
4450
4337
4555
5172
5411
4943
4240
5303
5626
5938
5339
4241
4078
4038
