4225
5458
5702
4101
4740
4843
5045
4728
5835
5624
5193
5134
5761
5187
5468
5795
4012
4200
4683
5158
4076
4034
5078
4184
5384
4095
5240
4705
5487
4251
4782
4834
4048
5748
5248
5636
4328
4857
5513
4149
5485
5223
4757
4135
4462
5340
5203
4252
5734
4536
5922
4916
5991
5613
4091
5762
4311
5332
4810
4417
4152
5380
5857
5312
4192
5697
4096
5686
5087
4143
5226
4187
4082
5810
4347
4959
5362
5725
4791
5941
4297
4398
5161
5276
5914
5353
4887
4867
4837
4270
4535
5577
4138
5480
5131
4643
4796
5634
5648
4776
4263
4355
5417
4935
4132
5558
5551
5223
4789
4313
4451
5081
5778
4062
4286
4717
5898
4674
4928
5492
4036
5772
4214
5306
4109
