4350
4799
4177
5582
4203
5668
4599
4252
4505
4999
5599
4767
4546
4501
4672
4620
5981
4211
5743
5987
5685
4114
5342
4928
5996
5261
4907
5366
4373
5797
5531
5104
5330
5426
5340
5171
4049
4116
5444
5506
5881
5662
5851
4147
4915
5234
5385
4135
4746
5335
5559
5160
4278
4378
5029
5928
5703
5207
5529
5970
4279
5620
5679
5109
5662
5323
5345
4009
5696
5150
4030
5927
5254
4054
4399
4699
4442
4189
4605
4089
4720
4524
5200
5028
5959
5558
4372
5317
5307
5745
4110
5276
5255
5405
5384
5157
5770
4627
5204
5531
5993
4856
5023
4461
5075
5975
5552
5784
5108
4844
5973
5599
4677
4120
4978
4505
5749
4357
4623
5941
5030
4191
5868
4444
5964
