4322
5333
4117
4432
5848
5267
5144
5404
4609
4333
4947
4999
4632
5169
4786
5256
4110
5451
5074
4155
5765
5848
5504
4988
5745
4726
5125
4129
5770
5166
5695
5503
5399
4204
5933
4581
4444
4235
4070
5015
5901
4527
4567
4475
4837
4902
5151
5782
5854
4430
4142
5136
4415
4177
5066
5747
4655
4968
5244
5054
4809
4319
5046
4143
4316
4696
5838
4609
4840
5717
5041
4995
4653
5802
4771
4977
4257
4419
5482
5530
5107
4817
4897
4726
5833
5045
4926
5822
4975
4800
5465
5319
5426
4777
4544
5051
5862
4597
5561
5213
4046
4894
5336
4086
4255
5440
4662
4767
5314
5102
5910
5493
5224
5337
5871
5613
4849
4738
4946
4019
5039
4606
5672
5232
4430
