4818
4866
5652
5891
5623
4306
4800
4548
4280
5339
5910
4372
5627
4803
4065
4747
4220
5635
4802
5717
5063
4169
5614
4355
5252
4453
5422
5129
5325
5757
5056
4045
5189
5102
5777
5192
4283
5427
5521
5550
5620
4225
4232
5986
5120
5777
5486
4302
5550
4318
4908
5605
4216
5147
4105
5364
4865
4639
5571
4575
5914
4555
4807
4305
4996
4281
4229
5262
4014
4983
5845
5201
4460
4674
5163
4337
4888
4216
4736
5315
4037
5892
5330
5195
5548
4317
4477
4028
4443
4473
4557
4229
4026
4978
4909
4527
4045
5001
4431
4628
5756
4076
5729
5993
4679
4219
4080
5935
4666
4001
4563
5667
4625
4706
4960
4804
4776
5499
5710
4509
5420
4079
4491
5984
4519
