4055
5227
5484
5398
5097
4191
4346
5321
4266
5160
4663
5905
5236
4517
5643
4254
4450
4794
4906
4501
4852
4857
4237
4253
5267
4409
4367
4516
5907
5226
5056
5329
5116
5332
5276
5887
4297
5866
5140
4391
4368
4555
5639
4521
5285
4489
4842
4575
4195
5529
4320
5986
5683
4642
5147
4424
5318
4920
4949
4922
5259
5498
4131
5881
5273
4084
4313
5529
4350
4666
5116
4066
4862
4260
5538
4008
4440
4702
5564
5493
5286
5780
5421
5649
5119
4727
4098
4195
4826
5430
5447
4396
5293
5151
4796
5743
4865
4433
5773
5930
4387
5258
5626
4790
5740
5299
5563
4275
5070
5304
5444
4070
5085
5418
4618
4650
4729
4872
4289
5730
4656
5952
5706
5006
5997
