4997
5474
5982
5919
5992
5694
5738
4112
5740
4900
5741
4571
5148
4698
5959
5738
5183
4674
4246
4011
4286
4268
4615
4758
5062
5565
5045
5648
5592
4129
5490
4470
4109
4691
4308
4415
5807
5267
4895
4488
5123
4332
5261
5376
4312
5408
5930
4149
5283
5913
5624
4412
5131
5465
4712
4190
4282
4148
5069
5462
5484
5114
4050
4374
4406
5651
4441
5421
4687
5613
4604
5965
5013
4117
4135
5195
4188
5315
4876
5153
5183
4660
4176
5073
5947
4949
5834
5753
5893
4175
4688
5312
5011
4780
5740
5518
4565
5223
5714
5243
4785
5791
4257
4021
5950
4146
4576
5770
4525
5150
4355
5350
4967
5039
4937
4747
5508
4963
4192
4277
4522
5494
5748
4382
5482
