5951
4202
5429
5788
5031
5500
5603
5644
4830
4403
4047
5848
4346
5771
4214
5822
4223
4476
5520
4718
4848
5820
5224
4422
5018
4215
5320
4777
4881
5202
5897
4534
5229
5599
5013
4771
5347
5607
4164
4935
5923
4092
4959
5898
5270
5095
5628
4704
4803
4513
5953
5220
4379
5112
4216
5724
4854
5930
5830
4303
5520
5025
4579
4742
4172
4616
5720
5123
5691
4928
4922
4253
5738
4481
5465
4034
4817
4613
5997
5289
4739
4964
5002
4555
5841
5382
4241
4080
5161
5358
5373
5640
5725
4550
4314
5237
5426
4275
4882
4153
4337
4906
4978
4893
4773
5298
5945
4761
5768
4011
4975
4314
4277
5163
5036
4059
4907
5353
4904
5542
4561
4426
5333
5766
4103
