5853
4070
4134
5195
4191
5253
4485
5745
4460
4481
4896
5790
5560
4341
4104
4712
4308
4223
4735
4614
4855
5850
4065
5273
4498
4657
4551
5354
4499
4761
5562
4202
4322
5590
4290
5176
5402
4043
5163
5931
4575
4029
5892
5209
4816
5640
5039
4987
5893
5439
4352
5822
4773
4849
4289
4362
5007
4396
4957
5460
5380
5663
4172
4485
4567
4343
4104
4202
4192
4222
5758
4670
4114
4146
4520
4090
5947
5635
5877
5973
4916
4826
4916
4165
4230
4480
5721
4183
4659
5970
5131
4043
5316
4096
5656
4679
4073
5134
5797
5179
4571
4869
4588
5364
4433
5445
5771
5125
4041
4820
5235
5153
4756
5224
4022
4054
5236
4502
4827
4065
5109
5739
4586
5514
4735
