5129
4416
4668
4361
5256
5787
5427
4375
4156
4611
5380
4476
4222
5119
5315
4520
4096
4528
4943
4442
4752
4384
5284
5824
5276
4046
5794
4955
5888
5722
5677
5810
4516
4715
5469
4091
4024
4231
5757
4499
5118
4705
5790
5459
4277
5154
4093
5341
5866
5742
4076
5616
5250
5629
4528
5566
5719
4980
4416
5196
5334
5945
5367
4455
5157
4214
4958
4396
4227
5783
5100
4061
4720
5726
5644
4239
5859
4685
5073
4821
4861
5701
5756
5739
5894
5914
5505
5907
5726
4225
5600
5921
4575
5223
4338
5882
4936
5245
4155
4664
4805
5118
5929
5717
5982
5569
4175
4794
4837
5345
5044
5676
4287
4769
5838
4277
5043
5731
5639
5341
4262
5111
5945
4310
5220
