4875
5702
5306
4556
5570
4107
4326
5082
4407
5443
4719
4969
4609
4533
4121
5555
4559
4970
5414
5157
5495
5539
4881
5334
5332
5818
5277
5854
5155
5086
5602
5309
5544
4285
5948
4921
5853
4414
4986
4950
5088
5800
4221
4917
4110
4079
4293
5777
5703
5257
4930
4001
5926
4638
4212
5831
5238
5050
5461
4692
4722
5123
4813
5664
5366
5233
4787
4438
4073
4375
4322
4406
4602
5957
5737
5179
5871
5479
5137
4284
4021
4466
4333
4007
4086
4180
4653
5061
4664
4526
5436
5839
4659
5789
4855
4558
5048
5624
4128
4466
4487
5707
5285
4768
4154
4510
5066
5850
5087
4528
4033
4176
4812
4839
4630
5333
4306
5482
4005
4454
5666
4495
5400
5305
5622
