5264
5046
4839
5220
5504
5404
5843
5939
4435
5945
5345
5279
4188
5790
4970
5958
4397
4697
4714
4999
5816
5248
4129
4657
5246
5313
5730
4782
5465
4865
4550
4873
4064
5267
5904
5362
4337
5590
5983
4438
4827
4888
4215
5075
4226
5476
5811
5241
4243
4155
5897
4432
4214
4152
5818
5919
5482
4042
4674
4022
5332
5284
5222
5363
5323
4796
4588
4018
5452
4326
4137
4054
4440
5910
5555
5694
5386
4720
5326
4674
4290
4810
5672
5005
4052
4304
4894
4223
4592
5700
4805
4036
4711
5432
4936
4384
5313
4981
5250
4232
4952
4965
5851
4484
4777
4937
5052
5769
4076
4523
4952
4645
5700
4659
5667
4582
5857
4977
4605
4184
4680
5028
4557
5425
4062
