4213
5170
4813
4231
4973
5852
5028
4710
4936
4817
5314
4798
4799
4996
5942
5016
5041
4530
5477
4383
4126
5930
4296
4591
5587
5298
5016
5906
4960
5958
5055
5486
5450
4182
4592
5135
5103
4092
5445
5754
5105
5816
4808
5041
4328
5379
5310
5331
4512
5591
5862
4754
4162
5111
5697
4717
5378
5667
5019
5930
4942
4430
5211
5879
4870
4166
4923
4507
5250
5018
4115
5299
5664
5865
4600
5558
4526
4554
4934
5523
5881
4137
4533
5933
4076
4119
4376
5146
4302
4387
5480
4663
4011
5293
4252
5231
4278
5235
5495
5791
5474
4388
4347
5031
4092
4671
5745
4718
4370
5803
5886
5117
5967
4885
5129
5798
4167
5511
4108
4622
4543
4867
5842
5292
5507
