5571
5888
5640
4637
5090
4763
4563
5275
5827
4321
4982
5693
5877
5968
4895
4737
5934
4493
4540
4659
4637
5919
4758
4605
5721
5155
5205
4675
4595
5451
4925
5622
4861
5441
5459
4721
4358
4397
4837
5800
5135
5304
5088
5485
5833
4438
4176
4775
4198
5271
4628
4292
5765
5314
4272
4096
5409
4387
5997
4798
4705
4301
5987
4384
4160
5227
4066
5686
5212
5599
4201
5971
4617
4984
4284
4765
5142
5125
4308
4086
4605
4182
4606
5495
4887
5121
4313
4289
5890
4827
4877
5483
5562
4261
5558
5367
5936
4183
5953
5138
5787
4998
4805
5830
5865
4430
4790
4592
5763
4485
5247
5092
4893
5859
5188
5393
5137
4601
4929
4301
4154
5825
4439
4718
5054
