5131
5840
4702
4521
4041
4300
4172
5802
4585
4314
5549
4556
4757
5728
5598
4500
5321
4650
5485
5161
5558
5411
5284
4471
5657
4462
4202
4714
5491
4853
5754
5303
4938
4128
5529
5897
5624
4422
5981
4094
4233
4496
5673
5520
5018
5224
5195
4258
5964
5236
5375
4085
5903
4698
4285
4501
5576
5896
5747
5221
4934
5307
4324
4497
5422
4888
4790
5324
4774
4570
4055
5182
5109
4965
5810
5789
5124
4090
5757
4410
4900
4484
5081
5711
5854
5423
4191
4442
4483
4336
4930
5227
5806
5846
5130
5609
5062
4926
4287
5300
5333
5846
5111
5505
4684
4687
5786
5977
4914
4482
4489
4942
4614
5279
5930
5961
4536
4479
5863
4703
5758
4155
5736
5440
4105
