5259
5486
5610
5971
5606
4059
5834
4494
4349
5352
5279
4795
4431
5300
4587
4933
4422
4720
5933
5022
4550
4697
4578
4961
5443
4974
4176
4527
4136
5839
5627
5208
5346
4709
4160
5745
5277
4804
4549
4435
5228
4586
5296
4835
4595
4928
5290
5627
5280
5326
5077
5774
4352
5784
4770
4990
5616
5719
5808
5115
5764
4174
5711
5116
5868
4013
5674
4756
4059
4145
4465
5857
5274
4966
5060
4985
5894
5524
4435
5572
5151
4279
4898
5451
4864
5898
4854
5405
5518
4380
4666
4493
5252
4301
5413
4002
5925
4227
4180
5351
4046
5776
4127
4753
4394
5544
4294
5337
5139
4532
5885
4110
4032
4895
4743
5305
4851
4584
5464
4756
5590
5865
5547
4899
4670
