5706
5412
4686
5792
4159
4832
4348
5548
5104
4519
5158
4006
5205
5130
4416
4515
5041
4007
5964
5616
4282
4590
4374
5128
4720
5009
5852
5718
4154
5065
5196
5037
5879
5765
5584
5556
5126
4936
5785
5949
4901
5094
5003
4991
5557
5689
5730
5297
5893
4711
5863
4429
5777
4395
5787
4102
4461
4650
4642
4923
5170
5714
5851
4480
4865
4760
5616
4663
4832
5949
5160
4879
4115
5915
4241
5826
4552
5742
5584
4874
5506
4938
4780
4445
4375
5618
5987
5386
5134
4129
5634
4027
4619
5368
4391
4081
4413
4286
4060
5618
5765
5657
4456
5841
5936
5777
5702
5519
4469
4810
4741
4531
5291
4343
4183
5196
5559
4829
4131
5665
5751
5008
4108
5658
5178
