4062
4156
4295
4839
5442
5058
5458
4765
4383
5454
5398
4685
5796
5769
4458
5021
4977
4945
5605
5929
5702
5168
4374
5507
4225
4440
5826
5973
5670
5314
4402
4163
4578
5701
5788
5541
5029
4957
4050
5759
5570
5112
5025
4132
4558
5775
5911
4134
5201
4367
4769
4988
4905
5948
5989
4965
4863
5436
4172
4964
4709
4322
5493
5932
5891
4394
4599
5659
4748
4953
5049
4813
5112
5091
4319
5547
5665
5630
5233
5213
4224
5286
4053
5476
5633
4530
5266
4536
4332
4675
5533
4660
5834
4656
5161
5240
5284
5552
5763
5578
4654
5100
5655
4737
4242
4403
5030
4749
5944
4954
4877
5444
5288
4945
4201
4705
4391
5876
5508
5784
5654
4489
5356
5390
5907
