5912
4973
4592
4246
4816
4134
5219
5869
4009
4691
5972
5015
5835
4245
4430
4756
5571
5117
4568
4332
4063
5547
4890
4045
5879
4066
5381
5048
5926
4950
4461
4538
4529
5055
4033
5217
4417
5719
4348
5925
5804
4098
5115
5823
5959
4018
4222
5726
5456
4453
5589
4259
4788
4011
5754
4738
4282
5990
5516
5799
5443
5572
4053
4695
5869
4846
5294
5454
5174
4956
4798
5342
4737
5693
4038
5073
4224
5310
5739
5997
5042
5830
5711
4957
4377
5171
4778
4959
5716
4900
4891
4867
4203
4305
5071
4185
5870
5153
5864
5809
5016
5793
5369
4607
5352
5131
4818
5096
5163
5713
5361
5102
4349
4703
4208
5161
4203
5835
4397
4090
5173
4835
5263
4856
4887
