4067
5029
4444
5068
5568
5969
4183
4505
4298
5451
5826
4408
4483
4529
4348
4716
5978
4412
5453
5645
5948
5109
5619
4351
5724
5094
4705
5401
4103
4693
4252
4243
4157
4983
5715
5802
4306
5980
4555
4356
5704
5016
5951
4226
5459
5325
5437
4733
5177
4332
5660
4547
4382
4955
5065
4505
4364
5071
5730
4751
4986
4591
4509
5375
4164
5590
5608
5364
4930
4152
5506
5229
4692
4308
4014
4015
5177
5456
5038
5834
4199
4187
4862
5327
4711
4410
4893
5841
5022
5086
5589
5122
4409
5135
4003
5413
5585
5928
4494
4981
4873
5526
5147
4344
4016
5101
4001
5966
5034
4847
5353
5161
5766
4189
4425
4724
4267
5729
5964
5957
5663
4221
5753
5776
5450
