5062
4105
5891
5786
5829
5528
4730
5659
4777
4466
4660
5988
5811
5437
4653
4644
5708
4835
5728
5438
4450
5545
5189
5291
5950
5731
4192
4254
5662
4560
4520
4538
4020
4646
5189
5387
4196
4872
4618
5930
5905
4862
5165
5781
4981
4217
4250
4462
4393
4699
5321
4317
4251
5629
4587
5457
4053
4269
5894
5597
4316
4918
5432
4661
4547
5907
5953
5823
5931
5591
4265
5899
4380
4719
4093
5318
5378
5205
5286
4070
4843
4207
5175
5270
4537
5860
4897
5343
5218
4459
4679
5388
4231
5055
5990
4740
5038
5960
5317
5888
4361
4399
4716
4273
5411
4326
5108
5396
4149
4643
5923
5766
4576
4069
4508
4339
5920
4949
5765
5743
5166
5403
4620
4718
5357
