5475
4113
4610
4969
4762
5380
4904
5818
5314
5757
4986
4653
4540
5568
4393
4077
4357
5192
5612
4564
5127
4170
4302
5647
5092
5702
4763
5203
4399
5752
5788
4346
4038
5525
4366
4686
5663
5303
4668
4148
5220
4127
5982
4947
5890
4224
5479
5478
5338
4150
4332
4054
5480
5629
4866
5395
4363
4474
4633
4526
5014
5285
5773
4057
4758
4253
5558
5624
5662
4268
5194
4032
4225
4142
5641
4725
5322
5200
5522
5238
4626
4625
5389
5878
5606
5145
5615
4876
5022
4622
4542
4769
4275
5465
5579
5632
4918
5700
5270
4304
4618
5301
4258
4029
5554
4966
4139
4069
4743
5905
4615
4333
5160
4867
4525
5278
5155
4877
4668
5919
5038
5241
4419
5160
5334
