4098
4351
5639
4091
5974
4950
4404
4548
5740
5633
4897
4417
5762
5193
4515
5463
4478
5277
5144
4034
4217
5650
4692
5148
4279
4813
4467
4246
4514
4624
4730
4127
4111
4295
4897
5799
5321
4495
5560
5402
4014
4705
4553
5429
4726
4012
5796
5082
4892
4020
4626
5140
4281
4622
5671
4648
4217
5618
5750
4598
5369
4825
4586
5951
4718
4850
4025
4009
5035
4567
4207
5140
5235
5873
5556
5282
5303
5506
4039
4237
5041
4208
5644
4914
5819
4663
5730
5924
5396
4321
5142
4161
5581
5952
4112
4837
4046
5389
4565
4469
5470
4548
4274
4128
4121
5169
5680
4279
4348
5841
4909
5437
4884
5829
5391
5683
5721
5816
5806
5840
5571
5100
5315
5882
4466
