4477
4721
4202
5634
5034
5990
4888
4268
4836
5162
5632
5537
4958
5079
4123
5041
5763
5456
5212
4063
4221
5842
4223
4029
5648
4225
5183
5010
4015
4677
4693
5827
4253
4441
5003
5606
4794
5469
4790
5472
5179
5416
4899
4059
5107
4137
4501
4484
4186
4909
5063
4900
5529
4565
4312
5817
4112
4912
4131
5318
4162
4712
5219
4394
4370
5373
4201
4809
5821
5015
5491
4254
4001
5950
5151
4344
5239
5603
5628
4717
5674
4109
4247
5746
5224
4553
4012
4026
4502
4415
5363
5109
5604
4335
5679
4026
4970
5507
5358
5937
5270
5927
5281
5019
5677
4001
4042
4994
4528
4910
4046
4613
4915
4402
5708
5339
5217
5272
5985
4147
5860
5191
5171
5218
5657
