5678
5177
5446
4104
4351
4671
5862
5130
5093
5428
5626
5113
5695
4006
5146
4787
5626
5507
4491
4288
4354
4476
4957
5968
5665
4123
5029
4215
4294
5226
4879
5491
4942
5134
5516
4064
5126
5579
4803
5653
4826
5031
4689
4489
5225
5646
4316
4672
4645
5448
5691
5546
4469
4391
5498
5880
4428
5832
5148
4792
4027
5389
5111
4875
5684
5060
4855
5151
5443
5340
4450
4480
5669
4030
5016
5550
5502
5786
5997
4830
4245
5810
5904
4736
4314
5175
4463
4257
4110
4873
5152
5608
5194
5826
5580
5654
5338
5738
5772
5983
4783
5577
5235
5994
5167
4008
4748
4988
4326
5238
5857
4046
4923
4390
5084
5943
5983
5041
5857
4345
4975
4565
5682
5240
4572
