5587
4921
4193
4234
5898
4739
5506
4564
4578
5060
4222
4095
5471
5221
4125
4351
5045
4035
4432
4868
5199
5126
4061
4921
5003
4859
5757
4271
4832
5189
4902
5831
4619
5977
4448
4599
4851
4116
4310
4825
4398
5448
5863
4890
4121
5199
4773
5077
4510
4208
4883
5436
5899
4021
5253
4878
5462
5334
5240
5445
4106
4213
4174
4307
5073
4540
4004
5554
4987
4428
4310
4764
5319
5389
4710
5989
4004
4037
5985
4365
4646
5973
5507
4775
5739
5924
4427
5049
4243
4169
5648
5348
5069
4178
4143
5532
5853
5540
5223
5162
4690
5787
5392
4295
5004
5014
4037
4937
4060
4204
4417
4332
5877
4172
4676
4265
5423
4367
4422
4223
4355
4258
5648
5473
5535
