5625
4795
4897
4496
4293
5245
5574
5564
4148
5287
5168
4583
5481
5108
5010
5170
4235
4784
5984
4344
5977
5805
5507
4754
4176
5187
4192
5741
4938
5592
4318
5706
4930
5276
4707
5153
5150
4501
5824
4679
4633
4978
5768
4672
4829
4775
4242
5523
4600
4488
5619
4985
4240
4918
5050
5862
4759
4120
5234
4118
5272
5929
4186
4445
4023
4755
5793
4122
5093
4190
5137
4443
4790
4263
4476
5987
5713
5269
4305
4694
4517
4221
4144
4667
4295
4992
5760
5465
4438
5316
4547
5439
5423
5988
4907
5129
4009
4794
4804
4869
4533
5592
5191
4554
5730
4758
5893
4834
4241
4499
5462
4968
5512
5892
4071
5324
4865
5024
4176
5285
4654
4825
5656
4170
5621
