5132
4115
4943
4927
4956
5928
5520
5326
4795
4055
5988
4027
5300
5105
5579
5392
5076
4823
4066
4583
4392
4050
5816
4624
4031
5181
5096
4124
4199
4181
4504
4233
4100
5486
5201
4112
5216
4675
4926
4014
4924
5904
5183
5752
4872
4938
5753
5970
5960
4505
4495
5653
5598
4293
5334
5371
5848
5489
5532
4908
5961
4649
5448
5452
5813
4872
4342
5634
4780
4399
4465
5399
4482
5422
4778
4476
4406
4623
4167
5136
4596
5439
5225
5850
5326
4024
5513
5421
4957
4294
4392
4935
5869
5716
4525
4577
5528
5185
5976
4876
5685
4195
5867
5197
5246
5986
4578
5606
4273
4325
5687
4568
4178
5738
4478
4436
5289
4794
5918
4233
4253
5564
4673
5991
5461
