5261
5031
5416
5772
5435
5323
5507
4349
4282
5354
5574
5745
5434
4305
4161
4046
4130
4620
5632
4692
4944
4550
4593
4870
4209
4283
5616
4009
4078
5400
4896
5325
4375
4091
4228
4352
5878
4210
4566
5560
5087
4491
4320
5589
5961
4449
5899
4753
4822
5920
5577
5494
4173
5635
4028
4305
5522
5349
4115
5695
5074
5676
4313
5201
5946
5199
5329
5450
4383
5531
4913
5558
4860
4246
5689
5736
4027
4206
4912
4225
5610
4427
4995
4629
4929
4562
4382
5256
4440
4691
4789
5988
5547
5227
4419
5991
5623
4966
5354
4550
4433
5827
5342
4978
5733
4039
5533
4314
4835
5053
5439
4270
4751
4984
4721
5573
5921
4565
4286
5392
4074
4551
5422
4182
5251
