4865
4590
5376
4854
4861
4486
4382
5260
5764
5321
5453
4469
5063
4222
5519
5129
4922
4222
5900
4462
4530
5480
4607
4007
4663
5268
5611
4033
5309
5034
5535
4148
5663
5971
4855
4160
4059
4090
4603
4521
4581
5757
5534
4915
5453
5855
5446
4651
4668
4727
4450
5367
4749
5366
5462
5225
4245
5631
4161
5196
5588
4948
5736
5947
5367
5659
4677
4187
5002
4419
5430
4635
5338
5467
4785
5931
4307
4352
4601
5853
5031
4677
5315
4873
5794
5641
4848
4875
5545
5251
5346
5736
5885
5997
5999
4481
4029
4422
5338
5370
5541
4197
5812
5174
5253
4466
4446
4601
5088
5940
5508
4310
5981
5473
4483
4840
5058
5575
5068
4471
4478
5018
5436
4396
4724
