5035
4951
4061
4321
4465
5912
5133
5432
4772
5025
4016
4199
4651
4787
4635
4204
5131
4583
4442
5981
4164
5888
5505
5371
5228
5254
5498
5689
4465
4512
5487
4738
5218
4354
4320
5785
4965
5436
5673
5217
4186
5666
5811
4128
5696
5834
4940
5675
5934
5307
5897
4556
4938
4024
5103
5813
5731
5093
4662
4923
5105
4985
4369
4320
5142
5484
4614
4033
5187
5137
4861
5890
5214
4812
5332
4443
4402
4568
4114
4116
5373
4615
5448
4052
5774
4887
4594
4719
5532
5502
5448
5127
4801
4381
5804
4975
5011
5716
4369
5552
5367
4508
4930
5398
4837
5230
5430
5360
4216
4335
5841
5044
5397
5100
4639
5142
4405
5422
5204
5701
4658
5686
5472
4583
4593
