4560
5662
4522
5800
5634
5049
5669
5431
5276
4334
4028
5816
5553
4642
4252
4574
5257
5700
5366
4470
5722
5649
5426
5784
5471
4405
4987
5712
5064
5091
5520
5589
4574
4909
4014
4049
4811
5523
4585
5792
4562
5448
5383
5790
5498
4509
4510
4012
4401
5626
4995
5167
5137
4832
5321
5353
4593
4919
4859
5615
5450
4839
5014
5054
4966
4637
5010
4564
5250
5282
4128
5553
5511
5601
4318
5555
5048
5852
5214
5290
4327
4312
4831
5023
4805
5444
4919
5043
4970
4848
5547
4477
4483
5602
4520
5098
4445
5764
4801
5960
4271
5147
4466
5645
4072
4889
5327
5599
4533
5585
4581
5573
4633
4669
4399
4003
4523
5932
4919
5251
4713
4563
5521
5853
5723
