5572
5633
5580
5821
4842
5160
4822
4424
4970
5764
4087
4382
4367
5197
4372
5972
5222
4223
4209
4524
5791
4069
5143
5321
5839
4963
4244
4508
5363
4096
5022
4114
4890
5793
4114
4085
4406
4443
5839
4233
4039
4638
5570
5419
4190
4422
5802
4431
5159
4184
5534
4671
4866
5763
5703
5098
4424
4487
5673
5385
4942
5476
4336
4402
5626
5443
5987
5141
5347
5101
4922
5501
5475
5044
4653
5543
4794
4629
5251
4026
4930
5180
5537
4185
5343
5976
4090
4324
4388
4342
5788
4437
5306
4649
4498
4857
5173
5663
4140
5548
4705
5400
4696
5621
5765
5359
5862
5322
5294
5021
4677
5685
5784
5114
4975
4971
4658
5716
4324
5236
5168
5223
4745
5139
5439
