4373
5713
4804
4305
5992
4443
5473
4983
4300
4005
4386
5640
4595
5195
5794
4423
4764
5946
4541
5197
5559
5726
5800
5368
5989
4990
5362
4053
4746
5612
4120
5795
5995
4775
5569
4901
5757
5893
5028
4135
5961
5698
5928
4548
5476
4023
5604
4683
4906
4323
5305
4321
5496
4836
5648
5595
4889
4777
4570
4656
5438
5729
4095
5456
4279
5628
5798
5786
5214
4906
4168
4998
4241
4337
5370
5138
5089
4275
4418
4529
4117
5188
5659
4148
4221
4116
4424
4661
4159
4757
5006
4430
4806
4920
4040
4548
4454
4888
4616
4032
4835
4089
5454
4681
4552
5522
5194
5374
4995
5707
4807
5324
5751
4119
4525
5291
4023
4365
5365
5218
4729
4255
5100
5927
4552
