5819
4361
5734
5253
5614
5044
5183
4929
5118
4020
5519
5347
5480
4492
5335
5958
5587
4034
5757
4282
4135
5231
4731
4613
4926
4827
5247
5922
5180
5445
4938
4638
5733
5465
5669
5034
5184
4010
5628
5450
5479
5688
5509
5219
5664
5130
4091
5266
5535
5735
5032
4388
5339
5959
4152
4312
4795
5487
4554
5834
5832
4605
4946
5065
5434
5425
5846
4747
5869
5625
5143
4609
4465
4959
5144
5387
4365
5905
5343
4617
5518
5714
5334
4385
5831
5109
5359
4713
5480
5046
4588
5942
5325
5767
4827
4980
5379
5917
4368
4362
5725
4634
4907
5436
4491
4755
4822
5912
5153
4442
4858
5839
5570
5074
5534
5828
5158
4317
5171
4735
4108
5588
4686
4667
5451
