5807
4093
4928
5240
4717
4942
5570
5480
5537
5477
4195
4269
4172
4971
4676
5422
4727
4554
4558
4359
5757
5450
4655
5808
4440
5272
4309
4364
4308
4879
5407
4279
4100
4092
4760
4615
5157
4450
5622
4708
4914
4234
4423
5319
4914
4085
4298
4718
4183
4434
4030
4050
4537
5556
5035
5709
4347
5564
4606
5566
4134
4985
5811
4612
4231
5498
5380
5221
5554
5854
4840
5173
4568
5308
4018
4323
5589
5310
4193
4533
5834
4120
5272
5842
4120
5966
4781
4710
4176
4563
5056
4772
5405
4091
4509
4400
5893
4712
4256
5899
4001
5014
5912
5432
5204
4394
4242
5211
5862
4770
5724
5055
4118
4534
4027
4571
4273
4693
4642
5727
4910
5867
4601
4040
5104
