4234
4880
5025
4721
5148
5017
5073
4904
5685
4513
4005
4304
5742
4999
5298
4723
4600
5579
5650
5864
4948
4911
5380
5252
4425
5877
4244
5894
4339
4374
4502
4494
5917
4173
4283
4143
5389
5619
4707
5329
5630
4117
4421
4561
5250
4098
5842
4564
5403
5505
4496
4468
5860
4051
4674
4429
4279
5667
4349
5315
4454
5945
5448
5481
4606
5368
4058
5567
4676
4505
4929
4765
5737
5742
5959
5331
5879
5754
4477
4873
5794
5589
5272
4135
5523
5285
5166
5994
5248
4048
5605
5768
4422
4370
5755
4374
4038
5369
5519
5862
4523
5707
5437
4820
4108
4246
5544
4836
4526
4323
4266
4020
5567
5009
4464
5243
5640
5459
5817
4290
5702
5977
5632
5661
5510
