4589
4956
5072
4427
5146
4356
5331
4095
5645
4424
4463
4248
4346
5403
4212
4507
5284
5826
4565
4979
4133
5632
5823
4917
4801
4578
4727
5306
4849
5650
4911
4678
5569
4205
5159
4849
4800
4418
5663
4401
5964
5753
4136
4409
4715
4202
5448
4926
5368
5406
5240
5972
4346
5593
5881
4940
5255
5098
5200
4374
5452
5959
4069
5531
4451
4692
4021
5078
4451
5187
5054
5737
5027
5638
4023
5581
5157
5767
5814
4093
4992
4512
4508
5448
5390
5170
4779
4174
4805
5442
5929
4853
5058
5674
4424
4123
4505
4562
5853
4168
5117
4581
4883
4584
5239
4538
4829
4375
4893
4643
5862
4610
5793
4930
4225
5122
4032
4124
4836
5122
4749
4225
4084
4645
4559
