4373
5389
4697
4979
4419
5849
5560
4108
5166
5523
5228
5165
4804
4840
4586
4416
4075
4095
5524
5965
5445
4908
4879
5594
5433
4072
5780
4080
5607
4414
4420
5122
4373
5736
4645
5834
5287
4140
5386
4350
4365
5777
5070
5844
4298
5542
4533
5032
5363
5814
5246
5990
4296
5178
4960
4228
4879
4427
5705
4214
5505
4086
4113
4800
4828
5468
5863
5797
4556
4503
4415
4888
5774
4256
4819
5801
5310
4533
5891
5957
5126
4678
4921
5562
5228
5588
4486
5573
5449
4121
5119
4963
5523
4208
5800
5837
5930
4110
4187
4723
5791
4689
4936
4671
4650
5842
5331
4294
5074
5949
5163
4241
5400
4191
4831
4113
4931
4097
4241
4704
5209
4997
4790
4661
4291
