5054
5215
5309
5759
5734
4145
4125
5151
5950
4955
4633
5524
4712
5049
4643
4564
5669
4125
4348
4081
4282
5436
5868
4040
4474
4046
5855
4460
4548
4921
4297
4909
5176
5616
4674
5904
4535
5595
5625
4973
5748
4899
4270
5404
5201
4765
4465
5624
4798
4097
4170
5128
5765
4988
4505
4277
5849
5985
4154
4878
4217
5448
5101
5094
5269
4584
5269
5238
5597
5855
4399
5490
4348
5743
5561
4534
4090
4791
5767
4728
5182
5661
5670
5206
5783
5745
4178
4519
5142
5419
4587
5397
4742
5318
4354
5642
5677
5891
4032
4948
4432
5384
5542
5863
4733
4340
5817
4687
5212
4045
4488
5189
4945
4915
4875
5989
4938
5682
4363
5664
5764
4497
5610
4115
5492
