4192
4729
4020
4638
4108
5484
5083
5044
5093
4573
4979
5065
5637
4272
5372
5589
5266
4177
5918
5512
5956
4476
5408
5345
4646
4806
4641
4447
5366
5499
5140
5493
5862
4413
4913
4293
4543
4791
5977
5068
4565
5685
4434
5476
5663
4798
5161
5413
5123
4591
4416
5666
5667
4367
4354
5922
5375
4623
5406
5354
5222
5703
4619
5255
4517
5554
5365
4958
4387
4232
5653
5775
4412
5647
5664
5030
4911
5564
5124
4379
5173
4553
5888
4715
4922
4462
4859
4555
4774
5921
4741
5288
4350
4601
4374
5884
5631
5021
5756
5492
4505
5396
5916
4719
5472
4863
5646
4945
5653
5501
5890
5835
5401
5747
5689
5100
5467
4405
5560
5945
4350
4391
4842
5457
5534
