5427
5965
5977
5951
5080
4041
5205
5999
5911
5884
5043
4284
5624
5135
5518
5665
5746
4734
5095
5222
4904
4764
4102
4941
5033
5048
5041
4712
4526
4390
5494
4448
5918
4988
5528
4959
4277
5030
4656
5435
4440
4796
5336
5668
5853
4955
4978
5165
4627
4099
5742
4751
4615
5040
4210
4021
4178
4982
5009
5161
4050
5462
5326
4957
4112
5190
4416
4567
4630
5178
4316
5549
5343
4698
5035
4341
5229
5915
4722
5619
5305
5536
5846
4694
5924
5901
5694
4096
5005
4946
5696
4978
5955
5931
4918
4599
5041
4944
4106
4752
5793
5071
5850
4649
5997
4122
4127
4818
5476
5066
5322
4495
4408
5082
5743
4926
5357
5984
4230
4281
4191
5731
4895
4694
4669
