5964
5990
5911
5427
4312
5879
5168
4156
4898
5870
4144
4596
4829
5199
5307
4745
5315
5515
5960
5527
4256
4205
5356
5024
4990
5184
4501
4192
4307
5148
5846
4104
5286
4751
4976
4891
5746
4546
5504
5777
4378
5409
4765
5907
4018
5279
4920
4117
5133
5221
5064
4132
5100
5083
5229
4590
5334
4954
5466
5910
4392
5389
4248
4855
4550
5404
4595
5343
5384
5586
5483
4491
5008
5087
4370
4812
5644
5044
4076
4779
4897
4489
4830
5177
4089
4020
4000
5683
4874
5915
5501
4993
4648
4118
5446
4567
5660
4041
5504
4664
4919
4301
5900
4450
5212
5344
5061
4208
4091
5663
4869
5814
5109
4670
5064
4518
4449
4774
4310
5073
5159
5290
5536
5091
4046
