5237
5410
5423
5856
4695
5105
4200
4008
4530
5486
4102
4678
4024
5733
4116
4838
5718
5415
4349
4299
5681
5637
4797
5926
4963
4561
5049
4866
5444
4931
5829
4893
5530
5449
4487
5350
4203
5979
5603
5668
4398
5565
5902
4989
5605
5112
5002
5089
4069
4454
5261
5676
4173
4984
5260
4421
5179
5297
4132
5048
5405
5545
4059
4002
5287
4270
5503
4427
5189
5767
4896
4660
4069
4009
5333
5185
5905
4997
4751
5622
5097
4955
4366
5347
4329
5069
4514
5814
5886
4441
5770
4247
5143
4966
5371
5117
5860
4435
4016
5156
5452
5624
4511
4090
5761
5612
4856
4495
5442
5615
5882
4602
5611
5772
5278
4542
4932
4510
4217
4809
5910
5550
4115
4727
5056
