4312
4229
4699
5259
5202
5830
5082
4366
5944
4725
5153
4048
5406
5910
4099
4806
5539
5167
4522
4100
5922
4950
4705
4244
5848
4778
4674
5718
5596
5635
4864
4114
5117
4654
5340
5788
4405
5880
5667
5341
5234
4445
5373
5349
4602
4736
5570
4643
4526
4985
5016
4401
4943
4652
4271
5250
4216
5595
5561
4379
5724
5265
5741
4052
5695
5631
5251
4856
4090
5739
4462
5272
5019
5543
4724
4812
4348
4713
4153
5582
5671
5862
5209
5846
4255
4014
5109
4789
4567
4741
4337
4165
5432
5294
5783
5677
4030
4921
5331
5460
4569
4717
5892
5436
4717
4646
5083
4875
4518
4921
4732
4053
5766
5925
5623
4610
4217
5303
5637
4298
4384
5067
4004
5083
4993
