5745
5010
4564
4682
5620
5664
4185
5596
5724
5088
5210
5176
4035
4131
5742
5270
4254
4817
4094
4821
5712
5482
5643
4557
4349
5448
5306
4783
5447
5646
5544
5634
5319
5512
5372
4663
5567
4960
5046
5307
4483
5853
4361
5023
4181
5549
5540
5574
4272
4317
5869
5382
4713
4893
5125
4043
5839
4195
4692
5472
5974
4262
5907
5964
4252
5022
4062
4802
5191
4100
4181
5032
4243
4880
4836
4887
4707
4437
5918
5030
5091
5492
4075
5891
5708
5315
4613
4630
4593
4057
5270
4684
5247
4439
5838
5840
4790
5782
5733
4192
4460
4472
4104
4199
5271
4542
4984
4301
5033
4768
5598
5672
4265
5434
5926
4401
5207
5467
5627
5049
4673
5472
4959
4180
5406
