4675
5468
4416
5473
4789
5189
5056
4617
5733
4325
4944
5951
4777
5888
5630
5315
5884
4821
4279
5452
5684
4488
4042
4640
5377
5091
4141
5536
4287
5479
4605
5715
5135
4569
4696
4729
4085
4740
5642
4294
5924
4053
5484
4693
4844
5553
5824
4906
5766
5901
5452
5896
5653
4160
5501
5348
4234
4307
5529
5352
4665
4797
5683
4074
5495
5972
4177
4431
5313
5689
5200
4537
5847
4525
4455
4305
5412
5081
4001
5635
5688
4646
5526
4651
4323
5206
4275
5795
5487
5763
4849
4144
5578
4868
4806
5461
5325
4739
4783
5467
5204
5333
4775
4383
4785
4570
4865
5623
4572
4411
4050
4908
4356
5303
4644
5007
5480
4207
5673
5513
4566
4459
5645
5077
5111
