4301
4946
4039
4780
4217
5170
5103
4801
5137
4838
5153
5601
5646
4322
4275
5920
5242
5036
4573
5735
4743
5286
5286
4224
5170
5731
5365
4808
4410
5032
4845
5686
5516
5851
5787
5388
5648
4019
4463
5330
5588
5820
4060
4247
4060
4201
5984
5263
5178
4935
4354
5176
4834
4204
4367
5323
5409
4576
4890
4842
4680
5180
4011
4894
5853
5369
5335
4280
4345
5148
4485
4558
4070
4445
4878
4019
4360
5676
5536
5837
4581
4358
4464
4120
5182
4892
4684
4479
5047
5102
5516
4635
4363
4334
4867
5728
5275
4160
4284
5652
4123
4943
5585
5917
5212
5493
5094
5152
4041
4479
4116
5853
5665
5222
4003
4780
4633
4921
5923
4690
4468
4217
4437
4523
5774
