4845
5801
4267
4723
4200
5677
4609
5305
4536
5711
5839
5068
5445
4179
4686
5001
5601
4215
4900
5758
4769
5194
4482
4264
4143
4061
5202
5673
5278
5166
4812
5881
5650
4352
4027
5013
4712
4618
5492
4398
5124
4254
5146
5943
5802
4272
4362
4983
5093
5291
5130
4637
5939
5259
4490
5632
4747
4087
5955
5413
5059
5692
5665
4120
4429
4138
4403
5449
4878
5432
5489
4486
5132
4078
5055
5784
4295
4123
4264
4016
5318
4403
4220
4149
5720
5245
4637
4428
5333
4549
4929
5277
4892
5772
5942
4487
4265
5588
5800
4876
5317
4061
4828
4533
5960
4339
5342
5698
5143
4032
4294
5574
5778
5612
5624
4843
4716
4339
4245
4476
4361
5281
4291
4323
4713
