4411
4398
5456
4110
5208
4825
5278
4785
4503
5109
5120
4424
5827
4662
5832
4350
4314
5274
4855
4001
5420
5160
4189
4442
4526
5683
5340
4856
5062
4503
4622
5145
5563
4768
5024
4576
4349
4633
4252
5716
5709
5621
5596
5842
5222
4658
4199
5649
4885
5373
5284
5098
4799
4243
4238
4143
5781
5854
4818
4804
5013
4217
4117
5988
4674
5436
5988
4344
4557
4623
5555
5078
4463
5249
5558
5756
5686
4099
4237
5979
5857
4829
5999
5742
4430
4388
4590
4090
5354
5365
4016
4357
4959
5207
5177
4052
4762
4556
4780
5703
5562
4361
5530
5131
4790
4386
4033
5863
5453
4117
5632
5352
4566
5167
5639
4683
4345
4816
4614
4650
5822
4265
4592
5531
5949
