5494
4543
5196
4140
4820
4134
4252
4219
4736
5235
5281
4801
5344
4447
5857
4745
5110
4317
4676
4328
4875
5742
5633
5713
5323
4686
4766
5029
5271
5690
5896
4285
4534
5959
5324
5432
5935
4573
5776
5412
5574
4557
5854
4281
5575
5124
5532
5233
5279
5462
4488
4001
5273
4702
5305
5526
5458
4236
5860
4562
4752
4944
5579
4471
4344
4186
4085
4960
4514
4715
5894
5689
4269
4321
4023
5601
5775
5454
4226
5237
5214
4054
4494
4181
4733
4556
4486
4117
5208
5278
5891
4116
4347
4326
5470
4772
4064
4047
4080
4613
5103
5887
5955
5978
5337
4961
4252
4382
4333
4474
4562
5940
5095
4289
4289
5084
5533
4221
4093
4551
4523
5479
4589
4906
5614
