5964
4330
4493
4739
5552
4437
5643
4502
5831
4080
5314
5084
4091
4831
5794
5443
4075
4122
5545
4466
5282
4833
4808
5059
4851
5005
5036
4158
5653
5287
4525
4493
4908
4115
5160
4205
5324
4601
5667
4328
5023
4510
4510
5792
4769
5518
5219
4388
4451
5575
4461
4449
5291
5525
5868
4860
5767
5187
4397
4333
4018
4803
4784
4123
5193
4933
5278
5452
4696
4890
4223
5009
5561
4918
4906
5322
5251
5987
4848
4298
5298
4111
5140
5435
5780
5226
4614
4564
5918
5082
5440
4879
4346
5884
4504
5383
5872
5737
4076
4554
5624
5521
5236
5105
4926
5483
4154
5600
5790
4296
4517
5799
5603
4980
5495
5198
5662
5216
5692
4475
5815
4099
5950
4105
4678
