4491
5839
4683
4050
4869
5224
4530
4588
4869
4325
4923
5264
5285
4440
4588
4148
5424
4073
4363
4948
5532
5450
5206
5510
4237
4639
4355
4640
5909
4949
4633
4199
5974
4732
5982
4130
5096
4935
4572
4386
5585
4716
4203
5801
5922
4958
5857
5168
4026
4016
4859
4913
5248
4544
5732
5528
5162
5832
4927
5878
4312
4649
4811
5583
4040
4005
4839
5181
5384
5848
5325
5950
5675
4658
4972
4444
4835
4744
4063
5773
5312
5679
5228
4485
4359
5059
5276
4880
4631
5632
5299
5171
5970
5411
4224
4823
4102
4410
5261
5033
5490
4918
4607
4624
4856
4905
5820
4376
4275
5002
5771
5834
4365
4464
5685
4729
5889
4967
4287
5369
5951
4480
4888
4726
5479
