5597
5677
4395
4320
4379
4762
5440
5262
4971
4582
4587
4242
4493
5338
4035
4304
5814
4362
5185
5989
5655
5527
5447
5975
5497
5251
4462
4357
5044
5025
4808
5131
4709
5197
4770
4654
4729
5962
5462
4495
4038
5568
4588
4616
4440
4813
4797
5179
5441
5861
5763
5140
4493
4041
5044
5443
4958
5981
5143
4501
5184
5477
4655
4331
5655
4626
4210
4419
4249
5807
5082
4439
5445
5763
5219
5868
4331
4925
4771
5158
5230
4853
4771
5279
5859
5814
5447
5900
4374
4755
5049
4668
5537
4051
4819
4407
4621
4538
5023
4354
5261
5062
5877
5296
5812
4449
5284
5727
4734
5602
5332
4479
4990
4897
5932
5867
5496
5055
4919
4194
5916
5033
4728
5434
4996
