4806
4087
4564
5271
4102
4211
5828
5040
5089
5981
4958
5576
5615
4487
4685
5358
5864
5372
4230
5246
4545
5434
5024
4907
5664
4743
4951
4174
4108
4755
5568
4282
5048
4454
5807
5126
4156
4219
5249
4592
5218
4880
5812
4540
5041
4662
5943
5629
5573
4030
5633
5493
5446
4854
4289
5622
4788
5800
5614
4888
4997
5950
4565
4369
5499
4828
4340
5332
5093
5644
5274
5976
4182
5347
5812
4280
5425
5031
5576
5421
5267
4537
5245
4993
4207
5235
4631
4634
4314
4272
4358
5034
5619
4293
5979
4548
4857
4299
5087
4163
5997
4211
5910
4611
4580
4292
4867
4032
5017
4956
4993
5969
4176
5291
4363
5004
4977
5199
5378
5507
5210
5424
5118
4310
4650
