4615
4904
4387
5756
4322
5402
4931
4427
5539
5970
4394
4643
4236
5047
4225
4974
4784
5396
4451
4400
5216
4140
4353
5462
5410
4691
4176
4639
4820
5017
5448
4951
5932
5911
4721
5083
4131
4320
5580
5032
5546
5898
4768
5773
5536
4181
4687
5698
5005
5292
4833
5932
5987
4759
5976
5661
4579
4292
4510
5313
5846
4727
4922
4429
4600
5362
5921
4362
5299
5116
5442
5877
4944
4374
4570
4724
5542
4054
5413
5032
5201
4805
4298
4792
4609
5297
5150
5362
5322
5277
5934
5542
5601
5068
4801
5852
5249
5212
4598
4329
4513
4434
4929
4098
4008
5501
5339
4661
5502
4373
4861
4392
5335
4492
5941
5671
4888
4688
5180
5259
5203
5469
5452
4974
4457
