4419
5113
4882
4744
4294
5552
5524
5443
5714
4976
4429
4356
5012
5810
4953
5989
5835
5007
4435
5495
4676
5283
4283
5393
4003
4929
5010
5583
5511
5087
5903
4120
5743
5084
5478
4298
5792
5115
5894
4359
4577
5489
4750
4666
4784
4542
4122
4222
4934
5632
4031
5223
5083
5889
5006
4378
5331
5388
5363
4956
5399
5004
4873
5812
5427
5210
5646
5638
5613
5165
4360
5601
4366
4605
4913
4541
5116
5245
4514
5465
5964
5557
5778
4960
5591
5141
5673
5174
4907
4803
4320
4058
4728
5677
4618
4034
4631
4477
4678
5135
4827
5302
5643
5874
4980
4972
4283
4873
5624
5312
4379
5396
4689
4322
5854
4482
4465
4083
4191
5925
5454
5176
5487
5899
4730
