4822
4792
5174
4846
5071
5385
5341
5727
4318
4327
4414
4684
5969
4676
4465
4897
5661
4484
5803
5848
5828
4871
5893
4824
5806
5983
4093
5218
5837
5769
4783
4394
4706
5340
4750
5412
4899
5008
4237
5934
4207
5349
5634
5909
5024
5686
5867
5255
4543
4098
5180
5152
5301
5561
5792
5558
4675
5041
5554
5947
5444
4473
5611
4866
4376
4749
4803
4377
4762
5713
5063
4688
5109
5940
4946
5351
4361
5988
4364
5169
5685
5045
5302
4084
4495
5097
5686
4037
5204
5383
4143
4849
4780
4383
4435
4138
5528
4084
5697
5888
4677
5067
4839
4270
4876
5162
5737
4870
5830
4676
5765
5448
5623
5647
4333
5693
4987
5359
4049
5518
5479
4100
4308
4647
5651
