5351
5435
4615
5667
5556
4577
5493
4016
5412
4336
5275
5341
5410
4381
5708
5299
4239
4129
5155
4529
4980
5742
4501
4830
5755
5569
5691
4352
4221
5391
5753
4436
4250
4093
5287
5170
4580
4702
5651
4084
4328
4942
5819
5542
4691
5299
4652
4115
4879
5230
5834
5397
4552
4672
4125
4716
4121
4025
4475
4609
4851
5016
5660
5371
5594
4225
5225
4770
4435
5373
5419
4365
5268
5207
4914
5001
4995
5237
4663
5192
4953
5163
4226
5067
5746
4526
5738
4208
5361
4777
4197
5632
4722
5247
5833
5214
4498
5466
4484
4519
5315
5464
5095
5316
4281
4542
4985
5100
5400
4513
5369
4017
4870
4017
5102
4333
4093
4614
5034
5051
4080
5023
4944
4277
5121
