4980
4890
5157
5754
4679
5586
5107
5475
5294
4509
4580
4189
4115
4669
4745
4036
5237
4672
4263
4873
4038
5359
4584
5109
5664
4259
5044
4151
5182
5719
5649
5210
5027
5347
4354
5415
4762
5669
4549
5986
4838
5484
5388
4345
5991
4324
4998
4755
4666
4536
4291
4570
4629
4814
4268
4142
4979
5960
5933
4993
5964
5771
5297
4191
4360
4291
4126
5606
4836
5890
4579
5253
5039
5168
4718
4762
5598
5347
5503
5720
4598
5247
5833
4580
4668
4575
4693
5537
5399
4149
5536
5618
4559
5229
4437
4393
5031
4029
5085
5535
4116
5099
5355
5541
5200
4988
4165
4890
5408
4547
5064
4223
5984
4832
5828
4147
4383
4821
4724
5094
5096
5389
5850
5642
4924
