4749
5835
5026
5242
5445
5532
5118
5349
5800
5036
5259
4885
5892
5343
5205
4203
5746
5738
4828
5750
4906
4703
4261
4446
5353
4651
5543
5016
5531
5535
4125
4594
5384
5366
5937
4201
4645
5764
5594
5952
5794
5534
4417
5678
5165
5986
4073
5660
4852
5251
5008
5178
4910
5642
4845
4556
5561
4618
4648
5267
5332
5351
4508
4147
5478
4041
5975
5953
5952
4565
4683
4139
4702
4301
4069
5593
4403
5774
5694
5159
5051
4884
5084
4069
4389
5766
4059
4992
4952
4189
5319
5410
5721
5891
4045
5471
5536
5486
5108
4306
5162
4020
4016
5313
4706
4846
5249
5324
5405
4163
4187
5262
5008
4423
4673
4991
4386
4545
4980
4468
4243
5995
4795
5107
5978
