4869
5050
4450
5247
5762
5496
4955
4438
5591
4640
5584
5858
5326
5819
4639
5970
4151
4827
4406
5702
5028
5090
5866
4671
4881
5284
4279
5738
4344
4713
5820
5537
4282
4472
5145
4923
5908
4168
5894
5084
4354
5215
5075
4427
5969
4954
4744
4043
5172
4710
5126
4058
5799
5090
5746
5582
4595
4226
4687
4436
5627
5708
4528
4567
5131
5175
4054
4433
4299
5982
5953
4360
5454
4392
5801
5319
4556
4379
4893
4896
5919
5861
4973
5850
5258
4659
4879
5830
4968
4124
4362
5789
5673
5004
5249
4635
5126
5497
4575
5632
4448
5136
4462
4280
4033
4012
4040
5119
5324
5211
4971
4693
4355
4119
4653
5901
5474
5749
4169
4316
5241
5441
5690
4247
5393
