5753
5569
5767
4867
4695
4263
4198
4097
4183
4084
5994
5373
4528
5562
5401
5472
4657
4077
4101
4104
5476
5403
5664
5674
5333
4797
5796
5531
5489
4803
4847
5608
4283
4783
5297
4856
4106
4725
4749
5895
4144
4952
4297
4994
4792
4948
5432
4046
4343
4451
4978
5293
4527
4291
5519
5980
4707
4314
5430
4358
5950
5998
4826
5001
5989
5978
5476
4991
5504
5467
4098
5404
5490
5803
5124
5531
5795
5761
4014
5134
4019
5846
4615
4606
4902
5100
4927
5498
4040
5163
5435
4967
4745
4298
5124
5016
5646
5691
5538
4847
5516
5854
5089
4533
5157
5430
5454
4946
5054
4360
5209
4641
5354
5166
5141
4395
5187
4623
5579
4011
5832
4773
4684
4891
5255
