5027
4233
5758
5415
4110
5141
5180
4032
4546
4500
5287
5338
4621
5951
4237
5297
5094
5517
5488
4583
5913
5125
5352
4487
4143
4059
4839
4856
5035
4026
4582
4731
4538
5745
4078
5188
5341
4016
5494
4107
4546
5035
4692
4124
5444
4919
5866
5502
5666
4653
4716
5884
4996
4239
5699
5915
5287
4091
4866
4710
4327
4813
5129
4890
4771
5249
5805
4653
5299
4615
4080
5363
4289
4762
5142
4350
4611
5093
4071
4362
5721
4121
4856
5589
4365
4202
5870
5888
5009
5128
4572
4639
4001
5405
4889
4348
4554
4079
5652
5546
5988
4241
5348
5680
5061
4143
5407
5881
5075
5585
5812
5595
5373
4185
4336
5487
4465
4996
4791
4801
4856
4467
4580
4966
5301
