4588
5464
4653
5770
5434
4186
4352
5220
4374
5727
4726
4284
4046
5625
5367
5366
4793
4443
5368
5686
4397
4986
4735
5249
4486
4833
5617
4831
4404
4965
5379
5901
5775
5976
5615
4014
5507
5591
4789
5020
4229
4600
5127
4610
5572
4749
5656
4408
4927
4117
4367
5618
4781
4986
5616
5172
4858
4089
4493
5822
4088
5771
5076
4690
5455
5339
5709
4483
5789
4295
5711
5605
4928
5436
4853
5397
4463
4782
5440
4622
4340
4633
5722
4323
5329
4880
4709
5670
5922
5156
5965
5201
5099
5656
4406
4654
4009
5296
5644
4964
5137
5095
5269
4132
5117
5659
5058
4395
5714
4085
4362
4273
5886
4476
4394
4248
5785
5820
5204
4340
4250
4117
4744
5387
5091
