4105
4014
4927
5807
4085
4367
4092
4338
5181
5379
4736
5314
5741
5625
4195
5686
4075
4601
4349
4090
5315
5201
5839
5063
4472
5218
5841
5987
4961
4609
5505
5832
5332
4181
5431
5738
4393
4485
5219
5655
4239
4775
5285
4131
5369
4372
5773
5868
4285
5463
4039
4920
5959
5553
4869
5764
4350
4799
5723
4181
5765
4351
5946
5821
5506
4295
4099
4863
5996
5593
4473
4456
4813
4572
4967
5911
4319
5601
5212
5789
4356
5643
5280
5232
4546
4310
5854
4856
5212
4911
4061
4682
5728
5021
4669
5442
4414
5626
4935
4487
5974
5608
4925
5529
5307
4536
5891
4910
4062
4806
5862
5461
4890
4346
4973
4059
5995
5925
5015
4492
5370
5852
4220
4630
5137
