4342
5811
5170
5806
5234
4941
5589
4497
4798
4130
5867
4113
4035
4399
4396
4122
5115
5921
4249
4425
4442
4421
5268
4463
4496
4271
5653
4883
4176
4435
4800
5867
4013
5904
5256
4992
5747
5671
5843
5087
5625
4223
5707
4947
5797
4650
4060
4854
5177
5299
5882
4397
5011
5340
4420
4196
4297
4630
4577
4933
4179
4487
4975
4220
4612
4165
5321
4030
4711
5107
5406
5064
5152
4500
5978
4154
4190
5750
5532
5228
4343
4252
5792
5996
5057
4916
5143
4820
4060
5385
5287
4925
5614
5197
5244
4260
4552
5794
5225
5575
5495
4465
5595
5851
4997
5421
4421
5957
4197
5147
5240
5688
5549
4364
5715
4143
4094
5692
4800
5089
4967
4772
5473
4360
4466
