5983
5540
4682
4915
4845
4480
5495
4724
5725
4803
5643
5042
5807
5737
5045
5824
4201
4329
5611
5178
5582
5881
4057
4194
5726
5920
4453
4767
5592
5222
5119
5862
5724
4036
4989
4883
5598
4002
4107
5144
5716
5621
4134
4227
5452
4783
5021
4409
5085
5443
5329
5696
4049
4084
5368
4247
4742
5792
4891
5929
5928
5180
4387
5671
4724
5486
4707
4202
5013
4614
5630
4434
4655
5569
5617
4659
4170
4229
4871
4863
5542
5593
4352
5947
5005
4342
5931
4737
4847
5129
5295
5132
4932
4298
4129
4846
4692
5314
5192
4153
5017
4524
5141
4202
5024
5541
5122
4221
4371
5940
5417
5641
4808
4949
5504
5798
5100
5311
4920
5711
4794
5814
5000
4537
5293
