4980
4676
4216
4747
5381
4116
5877
4994
4014
5987
4980
4524
4448
5304
5281
5596
4718
4009
4184
5771
4628
5669
4577
4143
5081
5803
5268
4271
4547
4614
5495
5320
4126
4149
4551
4848
4242
5956
4023
4962
4572
4586
4430
5199
5199
5331
4405
5378
5255
4231
5802
4118
4888
4309
5831
5075
5528
5766
4131
5609
5894
5849
4623
5460
5481
4146
5295
4212
4295
4326
4473
4045
5673
4724
5794
4183
5113
4679
5399
5630
5084
4426
5148
4812
4661
5934
5792
5660
5641
4199
5802
5361
4578
4521
4317
5166
5640
5640
4642
5717
5833
4764
4107
5351
4769
5353
5502
4133
4194
5199
4023
5175
5583
5668
4868
4126
5227
5852
4049
4756
5236
4847
4287
5833
5102
