4400
5972
5103
5752
4292
5578
4014
5247
4223
4853
4825
5865
5308
5931
5119
5792
4041
5051
5933
4570
4738
4642
4926
5138
5637
4748
5839
4606
5233
5767
4886
5160
5206
5350
4002
5843
5742
5665
4994
5488
5497
5838
5628
5389
4690
4363
4164
4314
5206
4384
5541
4491
5117
5390
5095
4053
5057
5923
5690
5463
5813
5157
5873
5245
4385
5942
5278
4956
5229
4517
4466
4659
5707
4147
4024
5435
5321
5562
4184
5708
4030
4845
5499
5239
4860
4997
5585
4311
4259
4923
4248
5087
4359
4948
5701
5344
5107
5810
4777
5965
5548
4924
4543
5998
5496
4666
4292
4089
4058
4444
5152
4827
5375
5946
4060
5493
5796
4954
4217
5388
4361
4107
5706
5297
4296
