5496
5524
5629
5028
4828
5134
5662
4021
5162
5072
4729
4594
4814
5375
5090
5480
4658
4491
4121
5908
5910
5110
5188
5156
5205
4674
4393
5127
5183
4361
5652
4325
5049
5731
5326
5627
4072
4009
5145
4122
5915
5644
5335
4892
4827
5844
5555
5762
4116
5616
4723
4607
5028
5135
4268
5430
5480
5110
4260
5448
5588
4969
5000
5868
5633
5806
5312
5555
4797
4067
4032
4025
5438
5158
5258
5263
4398
5204
5384
4226
5466
4550
4087
4284
4429
4412
5451
4321
4696
4354
4166
4245
4292
5408
5911
4116
5757
5913
5337
4503
4773
5837
5184
4373
5877
4899
4165
4156
4326
4696
5880
4522
5355
4453
4242
5509
5610
4288
5066
5520
4664
4383
4538
5591
4779
