4539
4381
5806
5575
4139
5340
4962
5896
5309
5502
5524
4383
4002
4932
5900
4622
5033
5090
5307
5126
5866
4937
4304
5310
5287
4344
4141
4395
4148
5043
4333
4087
4211
5665
4375
4049
5633
5577
5513
4764
4845
5906
4464
4955
4906
4028
4033
5049
5033
5775
4246
5665
5254
5183
4130
4026
4746
5326
5491
5256
4171
5724
4423
5079
5353
4483
4067
4238
4989
5171
5244
4977
5009
4928
5669
5073
5223
4722
4954
5255
5043
5930
5496
4169
5202
4640
5056
5269
4413
5961
4360
4751
5926
5163
5756
4407
5861
5219
4958
4351
4935
4831
4081
5995
5684
4562
5010
5875
4396
5657
4698
4099
4230
4123
5945
4117
5932
4885
4438
5204
5279
4736
5776
4422
5299
