4294
5498
5991
5335
5584
4229
5614
5015
5827
5971
5183
5024
5246
4819
5580
4228
5376
5587
5283
4839
4273
5654
4972
4324
5789
5932
4455
5947
5370
4240
4667
4574
5436
4457
4127
5532
4827
4872
5623
5273
5118
5055
4549
4272
4547
4601
5447
4087
4055
5491
4268
5240
4472
5680
5347
5682
5607
5041
5134
5638
5761
5728
4862
5000
5419
4066
4916
5871
5298
4908
4019
5948
5523
4469
4154
5124
4149
4683
4828
5252
5629
5108
4508
4033
4450
4025
4238
5959
4772
5996
4235
5093
4635
4835
4478
4950
4307
4250
5697
4419
5980
4947
5945
4909
4632
5700
4683
4588
4199
5351
5911
5484
5706
5061
5027
4262
4350
5686
4064
4534
5264
5380
4521
5877
5638
