5063
4864
5011
4008
5891
5626
5113
4242
4936
5289
4443
5256
5771
5405
5523
5641
5236
4399
4190
4636
4080
4108
5648
5090
5175
4594
5348
5764
5327
4576
5334
5849
5295
5241
4431
5829
4213
5688
4810
5812
5456
4340
5398
4509
4657
4072
5625
4290
4373
4194
5655
5844
4143
5080
4603
4716
4075
4887
5310
4944
5922
5547
5438
4871
4020
5187
5697
5625
4041
4446
5193
5196
5822
4624
4724
5054
5260
4455
4161
5010
5465
5172
5415
5444
4506
5965
4392
5529
5106
4637
4191
5565
5146
5213
5292
5620
4952
4245
4269
5064
4461
5404
5526
4996
4329
4996
4279
5143
5922
4082
5578
5321
5589
5219
5468
5519
4098
5130
5345
4062
5342
5306
4806
5854
5044
