5797
4339
4978
5930
5349
5009
4560
5941
4143
5805
5218
4517
4171
4288
5035
5141
4929
4454
5365
5255
4350
5791
4402
4227
5005
4140
4279
5183
5076
4466
4696
4367
4738
4670
4445
5544
5080
5834
5672
5447
5507
5729
5712
5252
4587
5821
5695
5066
4359
5368
5284
4202
5319
5653
5281
5841
5873
4718
4940
4222
5010
5534
5055
4862
4893
5134
4978
5526
5236
5642
4581
5374
5150
5277
4338
5250
4741
5919
5259
5732
5622
5317
5821
5888
4015
4425
4261
5515
5803
5747
5712
4698
4666
4934
4434
4259
4099
5622
5312
4345
4720
5751
5274
4475
4831
5644
5224
4843
4610
5454
4615
4019
4591
4263
4218
4857
4695
5443
4127
5611
4493
4368
4556
4586
5714
