5497
4633
4041
4252
5952
4758
4926
4177
5012
4480
4362
5452
5443
5232
4810
4201
5161
5158
5540
5384
5853
4210
5265
4827
4711
5812
5419
5912
5215
4606
4267
5333
4617
5621
4577
4729
4932
4027
4561
5448
5645
5818
5069
4261
4206
4402
4361
5732
4025
4097
4389
5971
5252
4605
4153
4399
4282
4454
4931
5275
4932
5372
5345
4253
5722
4498
5198
5338
5030
5155
4410
4477
5613
5381
4408
4662
5695
5575
5829
4468
5531
5927
5887
5951
4592
4769
5958
4971
5438
5059
5036
4897
4692
5406
4379
5471
5246
5985
4550
5824
5762
5024
5145
5876
5059
5414
5576
5718
4914
4955
5224
5553
4379
5733
4475
5032
5543
5766
5142
5347
4241
4550
5762
5023
5281
