4670
4907
5980
5836
5588
5951
4808
4660
5731
4808
5278
5433
5672
5230
4376
5161
5263
5475
5398
5087
4097
5288
4145
5774
4021
4125
5733
4532
4184
4336
4741
5644
5010
5623
5088
4037
4993
4927
5226
4556
4576
5037
4251
5491
4843
4735
4466
5534
5611
5750
5519
4352
5579
4789
4085
5593
5981
4249
4341
5285
5647
5977
4860
5191
4281
4723
4167
5600
4570
4407
4532
5724
5209
4017
4405
5085
4953
5614
4977
5364
5754
5600
5542
4480
4404
5610
5299
5150
5297
4456
5844
5372
5059
5797
4647
5072
4064
4384
4436
5022
4701
5000
4059
4029
4772
5348
4176
4239
4354
4063
5676
4538
4911
5812
5986
5561
5805
4460
4830
4229
5521
4495
4492
5679
5504
