4305
4610
4264
5781
4871
5699
5748
4689
5117
4273
4351
5833
5972
5350
5209
5148
4577
4933
5505
5056
4795
5566
4730
4206
4246
5447
4131
4741
4914
4818
4015
5640
4092
5223
4947
5747
5776
5329
4336
4778
4583
4081
4215
4181
5881
5556
4698
5257
5478
4373
4485
4629
4383
5979
5336
5314
5851
5142
4300
4252
4593
4311
4833
5453
5647
5802
5033
4495
5541
5411
5532
5359
4679
5327
4526
5310
4951
5378
5746
5963
4428
5768
4054
4304
5047
4384
5321
4836
4185
4294
4536
4996
5429
4947
4921
4588
5956
5868
5452
5125
4784
4917
4276
5745
5035
4887
5059
4302
5300
4729
5994
5562
4894
5532
5805
4029
4774
4622
4680
5178
4360
4667
4604
4774
4770
