5392
5504
5779
5012
5408
4584
4102
4334
5024
5519
4074
5080
4421
5093
4697
5025
5990
4551
5312
4793
4752
5679
5748
4244
5345
4805
4333
4413
4231
5573
4144
5776
5881
4800
5982
5413
4970
5269
5108
4714
5048
4265
5805
4728
4384
5278
4372
5541
5995
5600
5377
5880
4634
5523
5042
4628
4223
5550
4866
5558
4872
5700
5391
4655
4841
4092
5318
5309
5209
4250
5267
5443
5022
4641
4827
4697
5840
5115
5861
4061
5483
4840
4858
4857
5090
4336
5588
4290
5703
4979
5472
4791
5697
5233
5999
5983
4363
5071
5376
5944
4393
5192
5127
4177
4234
5425
5052
4922
4836
4322
5340
4235
4678
5295
4251
4737
5935
4818
4474
4945
5412
5185
5372
4610
4142
