4721
5772
4294
4459
4702
4782
5337
4550
5487
4934
5964
5788
5783
5731
5565
5343
4450
4784
4882
4342
4811
4392
4292
5939
4474
4156
4033
5504
4932
5318
4010
4202
5832
4541
4242
5239
5172
4142
4668
4641
5476
5118
4854
5125
4702
4249
5649
4207
5624
5759
5226
4937
5286
4358
5088
5945
5552
4742
5632
5323
5245
4056
5837
5199
5548
4485
4299
5814
4858
5672
4231
4371
5512
5941
4161
5905
4901
4241
4148
5914
5922
5712
5867
4287
5052
4483
4581
5230
4551
5465
4664
5354
5488
4396
4180
5022
5935
4027
5864
5785
4347
5391
4815
4441
5293
4227
5406
4106
5332
5040
5890
4265
5102
4184
5677
5061
4002
4658
5240
5621
4817
4571
4502
5032
4738
