5423
4031
4742
5999
4740
4589
5769
4073
4702
5220
5197
5498
5711
5895
4172
5738
4504
5662
5917
4620
5178
4600
5075
5675
5904
4570
5074
5486
4468
4924
4936
4936
5114
5611
5651
5003
4142
5815
5388
4320
4991
4685
4183
4747
5772
5066
4123
5934
4723
5442
5853
4314
4471
5904
5938
4505
4425
5243
5196
5745
5048
4377
5962
5719
4474
5717
4452
4655
4277
4299
4991
4583
5042
5421
5269
4562
5320
5165
4352
5349
4652
5643
5386
5436
5034
5408
5013
5933
4980
4751
5044
5022
4227
5745
5039
4702
4962
4040
5893
4481
4656
4717
4742
4708
4427
4105
4571
5985
4811
5131
4403
4869
4436
4378
4533
5694
5545
4659
5556
5580
4724
5777
4850
4912
4595
