5527
5458
5214
4030
5128
5923
4377
5008
4657
5221
5536
4864
5063
4102
4400
4542
5169
5312
4628
5366
5565
4238
4574
5598
5522
5800
4283
5693
4053
5702
5842
4584
4459
5336
5005
5060
5803
4950
4226
4934
4634
5059
5424
4325
5417
5772
4002
5234
4919
5695
4520
5128
4717
5437
5150
5235
4222
5875
5772
5089
5274
4533
5285
5207
5206
5778
5162
4327
5127
5480
4210
5742
5131
5704
4461
5610
5906
4122
5884
5083
4041
4107
5335
4371
5148
4585
5658
5131
4527
5802
5188
4730
4494
5217
4996
5016
4268
4867
5013
5602
4597
4582
5224
5934
4901
4971
4473
4904
5694
4820
5677
5755
4963
4445
5530
5591
5770
4921
5597
4424
5571
5002
4669
4576
5689
