4124
5841
4579
5654
4082
4726
5022
5373
4533
4514
5580
5315
4332
4170
5025
5836
4077
5287
4393
5261
5116
4467
5625
4946
5960
4365
5282
4903
5726
5564
5707
5308
4469
4538
4002
5220
4297
4155
5233
5749
4441
5416
5261
4816
5687
5050
4690
4141
5060
5939
4955
5723
4180
4620
4682
4187
4973
5438
4236
4493
5395
5925
4661
4017
5460
5567
5661
5637
4665
4365
4488
4706
4133
4988
4775
5699
4826
5520
4825
5661
4202
4681
5955
5631
4349
4831
5228
5249
5102
4885
5522
5266
5345
4095
4529
5612
5903
5714
5516
4382
4475
5168
4159
5641
4204
4273
4010
5132
5986
4625
5003
5140
4332
4897
5468
5693
5058
4726
5490
4962
5630
5463
4183
5033
4035
