4549
5276
5091
4450
4348
5280
5454
5719
5663
5192
5504
5968
5428
5299
5984
4285
5044
4286
4398
5527
5870
4205
5685
5882
5986
5905
5055
4841
5715
4989
4588
5968
4118
4142
4375
5295
4160
5464
5426
5722
4075
5548
4309
5010
4974
4010
4416
5166
4383
5822
4349
4734
4901
4655
4346
4134
5515
5805
4389
4493
5561
4703
4772
4714
5485
4041
4660
5324
5416
5062
4495
5357
5938
5508
4201
4552
4469
4069
4713
5856
4483
5786
5591
4923
5145
4603
4986
4354
4804
5243
5220
5371
4616
4484
5014
5081
4007
4642
4445
5029
5059
4122
4917
5605
5265
5036
5730
4545
4242
5906
4966
4999
4290
5858
5611
4432
4428
5055
4050
5269
4779
4068
5255
5437
5802
