4956
5433
5447
4604
4606
4527
4551
5140
5104
5812
5037
4119
4533
4884
5506
5969
4296
4622
5810
5781
5897
4390
4694
4677
4745
5500
5725
5003
4003
5570
5881
4241
5310
5437
4819
5123
5311
4397
4353
4475
5067
4274
4686
4568
4478
5372
5755
4575
5578
5974
5815
5076
5000
4748
4515
5441
5065
4755
4764
5260
4976
5651
5098
5739
4422
5595
5177
5955
4812
5838
4887
5229
4186
4347
5031
4229
4016
4830
4434
5831
4245
4166
4571
4311
4022
4457
4313
5788
4631
4070
4370
4881
4582
5777
4960
4567
5058
5510
4004
4184
5974
4519
4295
4938
5721
5459
5488
5873
4182
4263
4740
4125
5505
5622
4363
5054
5303
5114
4711
4289
4680
5926
4928
4714
4397
