4347
4096
4601
4422
4268
5283
5579
4605
5192
4879
4877
5747
5146
4966
4846
4005
4036
5336
4933
5019
5807
5041
4486
5512
5368
4725
4057
5996
4207
5302
4502
4427
5322
5365
4097
5871
4224
5109
4287
4397
5149
4846
5427
5799
5046
4075
4628
4970
5861
4059
5066
5924
4062
4415
4686
5429
5790
4452
4804
5483
4931
5536
4687
4854
5183
4030
4848
4475
5960
4317
4577
5548
5504
5890
5400
5904
5473
5117
5595
4921
5829
4387
5261
4042
5053
5529
5678
5057
5109
5412
5250
5559
4794
5396
5507
5249
4411
4014
4751
4125
4988
4090
4904
5831
4891
4288
5442
5609
4592
4205
5114
4734
4061
5320
5912
5668
5427
4006
5677
4292
4765
5163
4648
5119
4463
