5403
4164
5410
4973
4594
4956
5653
5086
5266
5472
5203
5728
4343
5980
5760
4948
4317
4841
4902
4855
4272
4335
4443
5461
4229
4580
5886
4978
5238
4527
4909
5415
5448
5394
4306
5480
5807
5555
4772
4111
5082
5013
5426
4778
4974
5044
5066
5059
4767
5954
5540
4745
5501
4477
5339
4560
5490
5028
4599
5922
4856
5547
5448
4538
4682
4735
5856
4001
5640
4839
4915
4638
5789
5092
4125
5748
5097
5976
5750
4341
4430
4609
4905
5204
5001
5290
4613
4156
5252
4910
4358
4508
5455
4653
5740
5040
4433
4169
5865
5155
4519
5654
4639
4254
5145
4472
5389
5929
5240
4063
4602
5334
4931
4681
5310
4412
4404
5276
5138
4872
5767
4998
5006
5429
5475
