4054
4132
5860
5566
5021
5017
4702
4870
5487
5421
5046
4088
4783
5675
5921
5046
4403
4534
4395
5283
4192
5886
5182
4187
4355
4101
5565
4215
5517
4376
5421
4374
4203
5148
5095
4787
4541
5253
5237
5828
5956
4007
5302
4365
5901
5729
5706
4292
5812
4069
5120
5521
4273
5623
5400
5586
4551
4616
5528
4398
5798
5600
4888
5639
5301
4964
4756
5302
4169
5037
4307
4975
4163
4324
5096
5486
5979
4056
5905
5537
4444
5090
4586
5948
5411
4183
5103
4787
5471
4355
4852
4413
5395
5241
5955
4565
4165
4091
4232
5526
4502
4109
4385
5973
4485
4076
4350
4767
5196
5392
4055
4140
5606
4435
5169
5810
5922
5555
4355
5541
4805
4021
4661
5243
5941
