5119
4803
5127
5738
4283
4709
4909
4810
4197
4341
5030
4130
4559
4468
5082
5038
4912
5117
5388
4805
5816
5109
4135
4993
5084
4245
4291
4412
5239
4406
4969
4521
5949
4982
4531
5247
4916
5454
5329
5172
4417
5113
4330
5742
5141
5269
4965
5217
5165
5842
4372
4795
5790
5314
5732
4329
4240
5231
5363
5129
5312
5359
4073
4207
4535
5374
5591
4591
5963
5495
4667
5689
4080
4965
5676
5911
5606
5577
5576
5288
4031
4018
4159
5278
4785
5120
5947
5192
5052
4304
5882
4403
5111
4381
5785
4429
5546
4958
5030
5176
5839
4712
4922
4846
4804
5152
5774
4676
5314
5658
5498
4476
4436
4898
4295
4758
4182
4797
4711
4715
5203
4139
4667
4121
5093
