4752
5036
4482
5839
5510
5232
5363
4818
5970
4720
4796
5740
5991
5168
4695
5034
4719
4295
4701
4804
4229
5600
4437
4908
4329
4976
5189
4357
4345
5715
4125
5232
4066
5613
4419
4311
4002
4348
5350
5098
4124
4499
4305
4318
5147
5211
4288
4622
5222
5049
4866
4463
4359
4807
4952
4418
5414
5242
4136
5215
4604
5901
4242
5407
5678
4006
4084
4754
4907
5819
5583
4201
4407
4411
4850
5985
5162
5373
5124
5985
5060
5889
4058
4382
4952
5922
5119
5133
4271
4497
5789
4036
4611
5557
5365
5828
5799
5844
4429
5508
5072
4080
5106
4623
5958
5948
4715
4089
5711
4830
4045
4444
5099
4390
5589
5567
4092
4599
4523
4859
5483
4485
5918
5694
4294
