5501
5877
5697
4640
5911
5791
5882
4378
5961
5728
4643
5517
5341
5653
4420
5266
4686
5144
5945
5308
5955
5938
5945
4821
5545
4404
4406
5963
5495
5582
4968
4472
4620
4994
4556
4479
5917
4679
4675
5986
5344
4522
4411
5932
5968
4256
4511
5489
5697
5604
4440
5987
5990
4172
4721
4536
4444
5227
5229
4000
4667
4398
5587
4529
4007
4210
4286
4238
5813
5783
4716
5119
4135
4103
4682
4129
4308
4713
4774
5730
5770
5277
5988
5411
5251
5982
4189
4806
4187
4935
4540
4385
4878
5466
4582
5192
4702
5378
5572
4090
4910
5060
5058
4873
4637
5184
4433
4456
5350
4815
4461
4815
4600
4667
5992
4892
5949
4113
5578
5104
4760
4726
4872
5737
5877
