5921
5498
5947
4962
4626
5243
5186
5673
5671
4844
4159
5714
5696
4130
4798
5869
4892
5946
5249
5502
5941
5157
5318
4075
4404
5521
5080
4256
5174
4577
5081
4609
4063
5352
5285
4728
4633
4650
4220
5002
5247
4848
4504
4588
4884
4083
4072
4798
5181
4098
4781
4860
5034
4013
4573
4425
4676
4256
4718
4117
5627
4958
5862
4349
4931
5923
5339
5261
4717
5782
5830
4730
5085
5941
5144
4649
4285
4420
5941
4187
4213
5432
4747
5394
4869
4722
5885
5640
4287
4004
5117
4022
5087
4173
5091
5016
5196
5782
5184
5874
5240
4534
5562
4587
4172
5823
4752
4568
5813
4893
4464
5799
5144
5678
5535
4615
5914
4086
4546
5459
4306
4975
5067
5382
4947
