4497
4263
5554
5512
4724
4643
4265
5409
4899
5902
5819
4429
4712
4703
5956
5042
4437
5531
4896
5097
4058
5587
5059
5877
5089
4595
5011
4954
4309
4158
5570
5366
5342
4420
4262
4994
4799
5826
5981
4159
5471
4632
4230
5481
4208
5162
5383
5014
4560
5176
5116
4480
5931
5395
4155
4626
5507
4510
5533
5573
5506
4729
4903
4174
5834
5006
4626
4728
5294
5996
4326
4521
4845
4188
5080
4488
4880
4369
4025
4556
4179
5098
5083
5468
4694
5572
5429
4336
5473
4368
4193
5851
5192
5011
5301
5835
4994
5332
5724
4853
4975
4635
4272
5318
5469
5561
4145
5483
5961
5625
5892
5213
4739
5993
4792
5133
4046
4276
4504
4897
4135
4972
4030
4364
5467
