4884
4453
4112
5423
5879
4729
5418
4508
4348
5160
5789
5679
5494
4424
5076
4520
4294
5488
4368
4185
4347
5427
4881
4403
4820
4313
5357
4192
5067
4311
4396
4607
5169
4466
5000
5691
5674
5123
5043
4669
4724
5968
5038
5938
4752
4439
5487
4506
5009
4050
4597
4529
4216
4103
5609
4745
4495
5340
4635
4975
5349
4476
5017
4813
5536
5318
5848
5189
5642
4117
4819
5178
4409
4080
5507
4367
4712
5226
5361
4620
4233
4994
5553
5872
5150
5890
5424
5529
5710
5343
5996
4991
4167
5170
5171
5848
5532
5230
4199
5160
5555
5139
4727
5984
5773
4377
5816
4570
5809
4281
5041
5216
4179
5282
5875
5289
5030
4143
5088
4686
4937
4803
4585
5195
5589
