5087
5873
4907
5101
4710
4345
5463
5047
4754
5233
5264
5357
5568
4089
4880
4663
5138
4969
4334
5548
4962
5830
5046
5477
4742
4351
4594
5951
4100
5405
4812
4395
5442
4627
5535
4845
4262
5925
4921
5704
4829
5497
5047
4663
4288
4949
5807
4513
4011
5351
5080
4961
5353
5021
4103
4133
5691
5175
4037
4201
5858
4134
4156
5731
5726
4007
4058
5459
5151
4606
4570
5671
5988
4801
5252
4780
4647
4991
5672
5162
5344
4862
5860
5638
4213
5901
5997
5197
4481
5335
5631
5071
5152
5066
4121
4777
4330
5749
5929
5237
4029
5412
4838
5728
4635
4405
4350
5009
5841
5094
5217
5220
4333
4839
4066
4737
5046
5963
4428
4090
4145
4105
4245
5497
5055
