5600
5394
5534
5154
5995
4759
5989
4273
4822
5377
4702
5263
5217
5183
5272
5339
5653
4531
5384
5447
5383
5326
4542
4545
4880
4606
4365
4565
4908
4763
5151
5031
5685
5307
5091
4800
5643
4664
4435
5304
5345
4748
5877
5725
5723
4980
4331
4608
5928
4702
4930
4398
5420
5202
4477
5471
4739
4599
4800
5408
4816
4396
5045
4436
4293
4742
5928
5050
5108
4935
5310
5367
5606
5484
4534
4920
4505
5021
5445
5157
5058
4478
4343
5924
5690
4078
5780
4569
5907
4712
4382
4144
5679
5523
5438
4455
5657
4233
5671
5508
5621
5786
4005
5879
5175
5113
5492
5763
5340
4770
4015
5139
4976
5862
4062
5807
5546
5429
4141
4584
4273
5760
5748
5912
4450
