4748
5661
4494
4219
5054
5647
4335
4515
4442
5376
5915
5358
4863
5586
5555
5679
5855
4111
4122
5122
5739
5886
5677
5737
4282
4647
5008
5740
5439
4118
5491
4534
4508
5764
5427
4698
5039
4608
5027
5999
4369
4654
5591
5664
5265
4064
5910
5605
4747
4612
5352
4678
5185
4746
4746
4429
4531
5776
4384
5530
4953
5805
4686
5109
4357
4586
4967
5179
5274
5228
4591
5087
5876
5346
5693
4458
4826
5491
4223
4990
4655
5001
5495
4212
5694
4154
5907
4432
5956
5109
4771
5446
4167
5231
5534
5720
5682
5458
4870
5781
4985
4894
4358
4225
4478
4721
4449
4630
4232
4844
4067
4582
4963
5907
4746
4701
4161
4325
5653
5055
4298
4813
5532
5713
4218
