4327
5120
4434
4705
4880
5667
4525
4392
5381
5739
5411
5522
5685
5953
5835
4582
4186
5564
4039
5342
5359
5639
4201
5292
5606
5964
4149
4572
5615
5503
5988
4597
4843
5440
5260
5872
4466
4490
4987
5360
5920
4479
4194
5970
4900
5202
4093
5478
4060
4225
4185
4741
5395
5665
4510
4748
5037
4688
5215
4127
4250
5600
4100
5628
5513
5095
4577
4207
5644
5047
4643
5168
5789
5332
5531
5419
4090
5219
5928
5137
5529
5636
5853
5339
4221
4961
5629
5786
5055
4364
5155
5190
4271
5126
5032
4100
5218
5475
4101
5715
5738
5304
5997
4694
5689
4853
4219
5248
4543
5395
4047
5458
4225
5448
5704
4230
5242
4584
4946
5121
4006
4840
5553
4821
4448
