4669
4343
4891
5785
5279
4050
4583
5464
4094
4670
4138
5093
5139
4660
5690
5824
5012
4019
4323
5518
4817
5211
4228
4872
5536
4409
4600
4901
5694
5025
4543
4054
4241
4971
4249
5408
5110
4623
5803
5509
4938
5199
5335
5109
5827
4165
4669
4713
5885
5110
5133
4174
5551
4135
4779
5352
5775
5543
5589
4140
4009
5682
4640
4898
5373
5041
5184
4790
5253
4034
5869
4575
4384
4454
5522
4578
4685
4286
4856
4408
5370
4969
5695
4949
4308
4263
4305
5454
5275
5991
5330
4824
4931
5632
5418
5054
4758
5090
4215
4942
4495
5315
4066
4893
4682
5041
5967
5591
5596
4503
5166
4238
5341
5894
4191
5526
4088
5670
4626
4393
4193
5444
4721
5728
5974
