4836
5746
5146
5129
4146
5856
4248
4077
5072
4819
5601
4576
5429
4799
5559
4328
4405
5517
4150
5167
5909
5889
5968
5299
5608
4871
4081
4638
5330
4032
4506
4990
4410
4497
5744
5410
5989
4958
5472
5894
4828
5092
4779
4782
4007
4183
5735
5580
4542
4459
4627
5715
4296
4994
5085
4206
5875
5326
4219
4249
4813
4701
5970
5380
5814
4350
5677
4621
4352
4524
5168
4003
5442
4726
5105
4159
5541
5257
5307
4664
4925
4209
5298
5964
4547
4880
5003
4728
5938
5400
4780
4546
5817
4772
4722
4590
5011
5651
4495
4652
5941
5718
4719
4312
5775
5012
5545
4057
5814
4638
4713
4536
4938
4788
4152
4742
5030
4617
5903
4946
4202
4031
5979
5361
4387
