4163
4969
5028
5554
4077
4675
4367
4532
4769
4341
5233
5318
5503
5950
4260
4499
5407
4507
4376
5323
4624
5180
5569
5421
4470
4170
5656
4321
5708
5994
5023
5385
5165
4184
5065
5375
4607
4589
4701
4616
4088
5234
4378
5263
4793
4693
5773
4870
4581
5430
4839
4034
5631
5717
4261
4184
5536
5303
4321
5655
5875
5530
5178
5927
5443
5080
5561
4626
5249
4150
4763
5876
5781
5662
4461
4786
5712
5752
4107
4240
5666
5440
5143
5316
4317
4514
4246
4777
4235
5627
5796
5906
4968
4355
4110
4506
5245
5893
5666
4755
4504
4256
4295
4886
5096
4039
4172
5976
5258
4340
4291
4215
5113
4602
5532
5904
4565
5739
5744
5302
4645
4818
4932
5894
4964
