4362
5378
4614
5137
4152
4551
5648
4587
5216
4370
5692
5074
5050
5902
5285
5779
4719
4945
4213
4773
5968
4186
5679
4839
5929
5967
5935
4851
5542
4404
5615
4347
4847
4528
5077
5994
4085
5392
4054
5403
5773
5470
4579
4120
4224
5103
4353
4264
5712
4965
4627
4997
4915
5077
5986
5337
5250
4949
5932
5831
5580
5194
5086
4138
4665
5353
5784
4741
4388
5600
4811
4628
4373
4486
5707
5768
5015
5697
4433
4256
4059
4639
4982
5337
5597
4335
4133
5153
5614
4082
5264
5002
5373
5586
5356
4192
5111
5819
5460
5553
4438
4570
5234
5030
5643
4622
4749
5791
4438
4851
5399
5193
4173
5413
5882
5699
4753
5897
4020
4438
4307
4561
5700
4493
4765
