4148
4544
4115
4265
4897
4327
4807
5456
4428
4182
4576
4179
4673
4764
4616
4081
4477
4753
5086
5734
4575
5866
4274
5115
4300
4783
4521
4891
4813
4711
4339
4858
4278
4789
4666
4800
4464
5062
4371
5570
4341
5122
5535
4466
5113
4198
5733
4949
4750
5032
5570
5560
4012
4888
4168
4370
4645
4239
5372
5236
4274
5887
4748
4169
4471
4646
4933
4287
4884
4147
5801
5518
5673
5357
5345
5519
5151
4810
4863
5960
5237
5907
4027
4397
4775
5055
5763
4383
5274
4099
4145
5795
5897
4378
4383
4757
5198
4170
4295
4770
4301
4389
4194
5273
4171
4324
5917
4208
5705
4679
4048
5215
5211
5291
4874
4313
5839
5709
5118
5294
5590
5057
5801
4148
5254
