5896
4689
5688
4042
5693
5372
5836
5303
5522
5805
5217
4942
4448
4487
5620
4636
5410
4795
5081
4960
5935
5566
5576
4887
5333
5487
5748
4084
4090
5709
5848
5374
4862
4861
5516
5944
4933
4853
5088
4952
5173
5169
5151
5830
5965
5640
5336
5606
5845
5784
4218
4467
4495
5824
4515
4264
4725
5433
4031
5304
4430
4502
4637
5267
5148
5918
4163
4091
4292
4450
4067
5153
4951
4141
5690
4212
5340
5232
5935
5774
5651
4802
5889
4751
4810
4431
4971
5786
5155
5555
4888
5361
4322
4399
5458
5245
4064
5535
4892
5207
5410
5484
5251
5263
5515
5279
5355
4450
5124
5141
4942
5096
4312
4473
4860
4635
4472
5671
5502
5270
4588
5645
5078
5044
4978
