5803
5894
4901
4821
4376
4265
5694
5887
5396
4094
4725
4505
5662
4075
4110
5566
5559
4927
4556
5750
5186
4377
4500
4904
4084
5871
5680
4057
4931
5633
5013
4769
4807
5573
4573
5727
4615
4467
5581
4628
5139
5766
4049
4092
4769
4741
5777
5218
4647
4889
4200
4858
5790
5305
5360
4777
4813
5537
5896
4087
5466
5921
5066
4872
4425
4346
4771
4779
4852
4813
5266
5713
5898
4673
4304
5838
5435
4367
5429
4565
4548
5531
4840
4234
4112
5910
4999
5689
4877
4908
4595
5333
5051
4914
5771
5239
4706
4688
5779
4957
5251
4398
5801
4536
5522
5442
5824
5130
4898
5587
4065
5937
5032
5890
4285
5656
5746
4592
5824
5976
4124
4386
5332
4778
4987
