4154
4808
5912
5273
4971
5986
5483
4442
5750
4668
5107
5567
5610
4389
4622
5185
4122
4738
4308
5463
5608
4003
4976
5671
4281
4209
5872
5935
4154
4183
4648
4056
5925
5536
5135
5022
4041
5938
5998
5813
4963
5462
5149
4221
5221
5110
5588
5884
5355
4520
5643
5959
5637
5949
4517
4393
5215
5676
4616
5746
4823
4375
5514
4791
5439
4494
4573
5320
4090
5536
5453
5040
4869
4304
5355
4585
4245
4301
4911
5847
5012
5725
5793
4980
4828
5098
5960
5329
4785
4609
4240
4357
5123
4624
4177
5241
5621
5568
4036
5609
4882
4697
5071
4325
5529
5186
5592
5054
5285
4399
5405
5197
5905
4242
5286
4603
4111
5282
4603
4706
5445
5391
4203
4846
4377
