4445
5909
4060
4221
4965
4486
5526
5796
5738
4512
5469
4366
4774
5668
4543
4954
4421
4233
4329
5120
4836
4564
5228
5255
4568
4254
4360
5380
5403
5858
5403
4600
5385
4122
5223
5651
5282
5702
5071
4474
4540
5505
5466
4626
4450
5763
4924
4134
5413
4815
5113
4037
4259
5666
4259
4285
5189
5598
5741
5463
4498
4601
4013
5192
5268
5280
4997
5606
5847
5915
5483
4571
5283
4695
5769
5585
4702
5984
5336
4242
5536
4734
5024
5122
4273
4228
5635
4584
5079
4333
5177
5573
4848
5120
5751
5110
5386
4486
5042
5767
5643
5440
5532
4461
5202
4069
5349
5116
5430
4591
4206
4333
5728
4351
4761
4770
5502
5772
4183
5788
4747
4082
5338
5179
5818
