4998
4851
4905
5343
4023
4858
4846
5906
5030
4636
5188
5873
4869
5699
5600
4594
4861
4651
5660
4145
4919
4880
5631
5075
5691
5427
4392
5925
5066
4129
5758
5973
5443
4210
5086
5185
5103
4071
4032
4973
5219
4638
5767
5106
4826
4457
4068
5942
4083
5069
4147
5839
5270
5050
5091
4079
5036
5910
4511
5186
4533
4105
5670
5359
4786
5381
5028
4740
4118
5289
5607
4485
5874
5075
4221
5061
4355
5585
4981
4875
5661
4256
5256
5862
5373
5348
4123
5285
5867
5069
5967
4481
4796
4599
4684
5999
5342
5648
5992
4943
5047
4929
4809
5950
4867
5911
5768
4172
5844
5330
5338
5952
5209
5513
5366
5829
4050
5970
4143
4677
5125
5665
4348
5416
5308
