5491
5087
4859
5627
5839
5082
5130
4213
5450
4097
5467
5986
5049
4355
5018
4809
4912
5303
4707
4222
4283
4336
5697
5725
4051
5632
4550
4641
4865
5388
4387
5954
5205
5210
4870
4164
5466
5362
4340
5970
4978
4443
4595
5679
4440
4207
5325
5460
4778
5434
4105
5879
5827
5627
5367
4859
5465
4564
4687
4788
5601
5571
4612
4967
5752
5373
5414
4500
5572
4078
4271
5344
4581
4900
4509
4655
5649
5018
5821
4658
4472
4161
5323
4502
4748
5450
4024
4331
5167
4430
5572
4106
4405
5985
4573
4961
5899
4908
4252
4278
5557
5188
5159
4414
5316
4482
4160
4774
4872
5235
4006
5618
4732
5438
5066
4715
5245
5205
5571
4075
5454
5286
5286
5589
5068
