5596
5732
4986
4570
4339
5488
5429
4317
4590
5271
5973
4530
4618
5798
4653
4627
5393
5115
4322
4782
5452
4404
5754
5467
5665
4088
4258
4976
4490
4577
5784
4229
5888
4521
5667
4112
5865
4360
4364
4777
4995
5995
5799
4004
5652
5005
4151
4979
5328
5981
5438
4496
4679
5839
4929
4773
5342
4151
5763
4392
5489
5104
5013
4728
4282
5885
5974
5533
4425
5124
5985
4830
4106
4038
5427
5276
5070
5013
4896
4824
4759
4153
5467
5963
5223
5784
4683
5357
4613
4993
4565
4722
5996
5766
4493
5620
5572
4176
5907
4646
4204
4750
4758
5916
4253
4655
5152
4154
4319
4269
5561
4645
5969
4792
4273
5252
5612
4044
4968
5593
5280
5157
5563
4988
4445
