5867
5776
4796
4223
5571
4478
5400
5714
5208
5548
5237
4566
4607
5628
4649
5857
4132
5928
4296
4373
4204
5341
4215
5442
4027
5868
4566
4359
5570
4685
5953
5334
5464
5129
4164
4747
5765
5227
5993
4715
4806
4429
5808
5880
5422
5213
5063
4265
5348
5657
5622
4950
4682
4717
4122
5040
4211
5991
4867
5822
4698
5974
5922
4529
4518
5286
5060
4326
5819
5688
4463
5104
4748
5654
4883
5085
4987
4998
5527
4966
4132
4468
5685
5361
5721
4578
5044
4148
5527
5092
5555
4866
5945
4419
4962
5769
5214
5965
5844
5266
4076
4785
4047
5254
4402
5912
4807
5424
5035
4915
4116
4760
4364
4622
5990
5545
4305
4673
4690
5311
4693
4278
5385
5337
4636
