4301
5502
4482
4032
5942
4043
4510
4634
5241
4035
5386
5965
4943
5003
5132
5524
5684
4238
5834
5309
5243
5930
5855
4394
4347
5380
4965
4623
4131
5692
4638
4660
4827
5074
4799
5591
5612
5851
5417
4835
5549
4215
4954
5514
4213
5905
5350
4160
5357
4433
5159
4253
5774
5383
4917
5602
4140
5020
4975
5098
5326
5614
5957
4914
5290
5006
5017
5489
5156
4305
4624
4129
4443
4901
4923
4188
5692
5645
5497
4309
4374
4486
4005
5100
5181
4627
4636
4817
4058
4661
4717
4821
5220
5876
4051
5354
5460
4946
4794
5310
5023
4562
4282
4103
5419
4767
4690
4567
5156
4733
4159
5572
5774
4363
4370
4602
5702
4267
4625
5778
5978
4928
4340
4296
5730
