5513
4461
4188
4951
4783
4110
5686
5061
5576
5384
4387
5540
4582
5128
4952
4489
5343
5536
5407
5393
4238
5702
5971
5183
4226
5100
5808
4587
5172
5022
4829
4300
5537
4007
4180
5488
4570
4316
4611
4211
4810
4878
5759
4050
5241
5937
4605
4440
5131
4543
4110
4069
5095
5551
4598
5476
4133
5297
5193
4433
5167
4186
5378
4536
5746
5477
4162
4306
5762
5391
5901
5995
4198
5382
4203
5138
4259
5157
4785
4544
5396
4492
4473
5867
5388
5075
5872
4398
5395
4729
5891
5385
4540
5633
5493
5302
5232
4429
5886
4132
5120
4101
5495
4210
5861
5712
4664
5537
5890
5068
5296
5112
5583
4449
5047
5234
4455
4834
5324
4611
5276
5858
4287
4292
4593
