4905
4979
5713
5447
5216
4715
4883
4632
5456
4919
4789
5215
4617
4980
5699
4893
5095
4629
5690
4077
4758
4712
5084
5195
4093
4734
4038
5279
5220
5850
5494
5229
4382
5113
5559
5930
4408
5944
5150
5441
4873
4104
5034
5132
4196
5009
5717
5659
5863
4103
4582
4029
5329
5552
4378
5518
5037
4779
5075
5336
5310
4578
4834
4834
5578
5992
4675
4353
5251
5237
4823
5165
5550
5286
5736
5098
5672
5339
4899
5183
5383
4586
5261
5528
4555
5639
4519
5592
5316
4071
5660
4022
5814
4039
5936
5009
5907
5686
5607
4631
5726
5836
5543
4646
5411
4518
4290
4128
5686
4942
5661
4211
5088
4765
4058
5744
4035
4908
5277
5622
5150
4514
5404
5673
4644
