5716
4848
4358
5495
4150
5454
4969
5258
5031
5369
5820
4757
4909
5427
4105
4262
5163
5917
5394
4498
4366
5365
5329
4170
4658
4228
4532
5148
5646
4764
4035
5982
4083
5766
4158
4845
4073
4397
4052
5772
4650
5557
4204
4520
4152
4504
4124
4750
4164
5029
4175
5318
4353
4784
5854
5698
4338
5765
5036
4228
5826
5214
4449
5649
5623
4564
4181
5740
4613
4854
5659
5432
5510
5521
4167
4731
5286
5964
5350
4274
4439
5192
4097
5234
4074
5752
4091
4730
5548
5257
5117
4804
5102
4401
5901
4703
4986
4827
5205
4014
4164
5591
4674
4865
5564
5364
4467
4258
5137
5692
5870
5810
4591
4959
5507
4024
4312
4371
4225
5200
4549
5997
4418
5014
4492
