4334
5686
5095
4418
4911
4586
4371
5417
5812
5440
5107
4619
5894
4879
4265
5860
5320
4649
4959
5796
4748
4384
5991
5858
4571
4788
5534
4947
5184
4435
5597
5243
5210
5560
4705
4261
4506
4953
4664
4276
5497
5275
5400
5474
4432
5364
4823
5636
4585
4671
4829
5085
4008
5832
5049
4872
4160
5599
5400
5484
4429
5899
5130
4654
4939
5604
4922
5220
4633
5101
4194
5161
4327
5612
5909
4988
4293
5898
5108
5444
4821
4107
4226
5376
5251
4188
5453
4504
4158
4692
4204
4122
4779
5479
4462
5191
5382
5264
5732
4117
5179
4966
4380
5222
4888
5768
4430
5182
5589
5369
5777
5932
4692
4209
4812
4988
5786
4996
5091
4597
5719
4889
4522
5836
4961
