5919
4888
4725
5713
4602
5986
4288
5106
5721
5362
5993
4217
4398
4969
5044
4506
5160
5370
4414
4255
4464
5375
4959
5423
4562
4274
5119
5778
5763
4880
4515
5513
4453
5411
5367
5104
4226
5804
4903
4559
4770
5281
5503
4872
5678
4700
4442
5584
4190
5245
4149
5158
5103
4866
4386
5168
4452
4655
4307
4965
4770
4437
4060
4918
5062
4373
4617
5174
5637
4060
5998
4372
4777
5181
4434
5462
4550
5010
4386
5434
5417
5920
4092
5434
5058
5731
5399
5820
5020
4438
4290
5363
4730
5065
5281
4562
4145
4517
4571
5041
5888
4031
5710
5942
4449
5429
4671
5072
5123
4713
4692
4930
4824
4759
4250
5364
5007
4214
5007
4230
5613
5208
5999
5264
5641
