5369
4592
4109
5874
4112
4705
5426
5954
4592
4667
5054
5116
5036
4060
5026
5536
4203
5863
5237
4097
5162
5161
5094
4308
4659
4954
5135
5157
4544
5938
5958
5589
4651
4905
4407
5418
5788
4480
4954
5341
5782
4205
4087
5062
5776
5809
4718
5942
5003
5525
4709
5940
4342
5167
4929
5462
4754
4478
5729
5400
4879
5521
4843
4516
5990
5239
4315
5289
4729
5748
4427
5272
5751
5257
5118
5766
5033
5628
4533
4821
4387
4162
4702
5004
5720
5745
5114
4701
4335
4250
4355
5370
4935
5233
4246
4633
5388
4419
4963
5762
5914
5095
4722
4238
4855
5686
5799
4711
4690
4143
4219
5747
4908
5797
5476
4381
5321
5062
4203
5112
5935
4758
5440
4056
5331
