5238
5601
4498
4597
5599
4505
5865
4465
5809
4415
4627
4287
4750
5717
4346
4717
4750
4327
5539
5502
4151
4253
5610
5645
5246
5395
5341
5275
5280
4068
5075
4127
5952
5947
4137
5062
4216
5560
5010
5659
4800
4364
5066
4765
4136
5015
5634
4636
4330
5107
4320
5221
4963
4629
5729
4305
5130
5747
4863
4240
5662
5851
4508
5976
4041
5777
5119
5963
4932
5783
4156
5257
4391
4755
4682
5524
4538
4311
4578
4613
4317
4702
5633
4750
5338
5315
4886
4788
4282
4517
4577
5571
4864
5703
5311
5331
4126
4432
5588
5901
5090
4599
5308
5589
5369
4772
5728
5951
5538
4864
5183
5145
4100
5257
4116
4981
5070
4112
4742
4813
5938
5346
5104
5463
4635
