4088
5599
4029
4743
4803
4736
4317
5267
5432
5567
5836
5694
5473
5392
4039
5228
4556
5995
5910
4263
5921
4973
5180
4738
4800
5695
4891
5468
5617
5722
5629
4769
5736
5285
5112
5390
5752
5663
4764
5679
4998
5518
4717
5869
4196
5812
5129
4241
5962
4396
4968
4834
4645
4404
4422
5240
4697
4381
4761
4311
4004
5008
5400
5916
5273
4863
5365
5323
5723
4430
4414
4372
4480
4653
5207
5986
5851
4128
5694
5835
4962
5894
5641
4527
5414
5980
5602
4863
4872
5371
4574
4917
4089
5782
4108
5019
4999
5740
4090
5727
5510
5358
4803
4266
4938
5166
5351
4260
4737
4759
4958
4421
4260
4739
5978
5677
4239
4219
5649
4966
4264
4570
5334
5862
5772
