5917
4958
4888
4026
5705
5336
4340
5410
5264
5023
5990
4669
4166
5046
5544
5303
5671
5201
5825
5742
5677
5161
5515
5103
4060
5244
5886
4362
5007
5149
4598
4267
4667
5073
5093
5481
4455
5203
4536
4118
4018
5199
4219
5203
5018
4767
4330
4826
4789
5904
5290
5119
4887
5616
5940
4535
4333
5352
5868
5450
5001
5687
4651
5997
5774
4012
4719
5622
4478
5692
4612
4044
5874
4580
4984
5108
5363
5209
5664
4917
5445
4707
5818
4027
4169
5702
4918
5575
5945
5964
4343
4139
5149
5741
5684
4580
4039
5885
5599
5619
4734
4276
5030
4178
4157
5252
5544
4602
5495
5385
5876
4304
4204
5413
4105
4157
5435
4326
5111
5655
4145
5875
5173
5095
5748
