5389
4103
5295
4786
5379
4194
4305
5697
4661
4806
5143
5427
5731
4283
5096
5245
4002
5501
5133
4575
5256
5281
5206
4016
5590
4065
4091
4576
5589
5715
5338
4211
5304
4990
5016
4932
5278
4935
5688
4909
4367
4944
5099
5745
5596
4720
5825
4166
4358
4711
4833
4847
4001
4350
4968
5933
4361
4397
4716
5700
5599
4779
5637
4196
5140
4721
5944
5473
5092
5841
5064
5449
5474
5540
5614
5495
5401
4010
5338
5342
4012
4120
4659
5527
4710
5139
5338
4611
5058
5759
4439
4766
5187
5433
4073
5298
5729
4533
4243
4476
5847
5876
4565
5844
4188
4526
5802
4328
5250
5090
5617
5610
4807
5106
5798
5230
4959
5625
5948
4627
4296
5836
4305
5562
5674
