5277
5239
5171
4235
4810
5292
4176
4962
4041
5133
5032
5297
5954
5225
5048
4859
5771
5804
4094
4845
4634
5299
4382
4581
4508
4907
5812
4047
5736
5057
5543
4467
5008
5371
4151
4541
4826
5206
5732
4177
4981
5229
4326
5424
4394
4003
5296
4796
4737
4046
4180
5933
4647
4509
5028
5473
5992
4932
4407
4295
5846
5659
4495
5839
4104
5810
5436
5934
4123
5773
4740
5292
4202
5301
4210
4081
5655
5888
5164
5170
5079
5505
4178
5954
4079
5181
5448
4413
5479
4953
5590
5331
4199
5141
5016
4182
4815
5850
4867
4552
5839
5712
5140
5457
4522
5570
4016
4723
4046
4814
5491
4735
4403
4297
4766
4802
4026
5662
5681
4303
4809
5690
4867
4482
4035
