5958
5573
5053
5276
5335
5803
4146
4618
4872
5704
5506
5023
4128
4350
5655
5117
4712
5732
5800
5086
4579
5392
4991
4265
5629
5809
5079
4155
4551
4719
4138
4193
4637
4053
5654
4510
4921
5192
5243
4133
5829
4130
4952
4535
5528
4406
4313
5422
4284
5687
4924
5044
4486
4665
4268
4358
4253
4460
5689
5051
5383
4798
5957
5269
5923
5001
5573
5778
5587
5585
5608
4221
4889
5161
5353
4196
4166
5844
5943
4404
4466
4330
5202
4752
4854
4234
5675
5405
5202
4199
4136
4943
4279
5066
4197
5097
4093
4112
5492
4848
5221
4301
5811
5778
4774
4340
4417
4383
5588
5700
5553
4248
4227
5718
4629
5704
4124
5558
5437
4820
5304
5944
4147
5806
4144
