5822
5980
4805
5139
5924
4075
4699
5401
5673
5115
4331
4660
5723
5989
4319
5699
5641
5058
5162
4991
5713
4037
4438
4920
5156
5628
5271
4752
4930
5734
5768
4318
5970
5334
5123
5547
4802
5164
5414
4104
5148
5886
5541
5495
5775
4155
5967
4228
5345
5075
5085
4317
5215
5643
5748
5579
5716
5777
5074
5309
5929
5235
4905
5448
5283
4286
5705
4394
4813
4794
5463
5595
4617
5051
4048
5667
5269
4716
4190
5614
4216
4088
5363
4587
4704
4885
4233
5785
4470
5077
4122
4186
4567
5922
4632
5750
5010
4502
4685
5465
5945
4688
5922
5965
4903
5738
5003
5160
5415
5749
4259
4081
5515
5798
5467
5963
4271
5390
5560
4287
5456
4971
5912
4547
4959
