5463
4600
5385
5671
4317
4132
5019
4170
5333
4398
4202
4965
5285
5684
5654
4092
5328
4416
5689
4463
5278
4595
4783
4525
4053
4854
5235
4795
4734
5060
4728
4312
4658
4165
5850
4375
5599
4818
4875
4528
4189
4870
4038
5152
5724
5953
4656
5139
4722
4749
5653
5926
5206
4205
5803
4733
4838
5654
4506
5564
4604
5417
4112
4045
4343
5359
4161
4045
5351
5883
5843
4010
4787
4556
4988
5411
5644
5502
5439
5813
5991
5890
5204
5389
5473
4336
5133
4892
5734
4770
5349
5087
5830
5088
5613
4250
4913
5894
4371
4441
4236
5829
5893
5406
4708
4322
5926
4261
5146
5324
5212
5231
5438
5540
4678
5350
4595
5990
5642
5811
5387
4836
4256
4346
4522
