4550
5969
5931
4838
4229
5152
4672
4350
4841
4561
4258
4464
5662
5045
5416
5404
5993
4529
5719
4890
5011
5222
5510
4004
4730
5266
5680
4828
4298
4793
4079
4737
4981
4782
5582
5305
5870
5977
5164
4202
5849
5558
4966
5736
4305
5822
4736
5340
4189
4404
5903
5270
5290
4429
5921
5166
5113
4916
5773
5695
4734
5699
4639
4266
5732
4388
5546
5442
5537
5077
4565
5186
4033
5224
5123
5691
4860
5368
5878
4903
5093
5356
5701
5601
4458
4918
4477
4849
5770
4235
4412
4350
5529
4659
4418
5400
4710
4465
5803
5649
5054
5652
4739
4187
4769
4473
4762
5298
5895
4958
5384
4745
5001
5390
5338
4091
4545
5435
4348
5239
5067
5038
5232
4544
5145
