5174
5162
4727
4423
4013
4324
5444
4879
5247
5814
4597
4474
4314
4745
5069
4689
4010
4337
4752
4478
4983
4819
4394
5841
4251
5295
4213
4075
5491
5296
5294
4573
5803
5346
4821
4580
4963
4303
5902
5853
4410
5226
4736
4212
4764
5465
4114
5566
5494
5606
4368
5134
5391
4070
5736
5605
5869
5709
5004
4109
5107
4493
5409
4259
4669
4415
5433
4505
5514
4613
5558
5036
4133
5155
4553
4123
4808
5353
5700
5898
4502
5215
4256
4473
4620
5920
4506
4215
4304
4504
5829
4684
5178
5360
4643
4186
5310
5729
4675
4127
5471
5627
4767
5904
5795
5470
5897
4134
5824
5839
4448
4771
4319
4060
4963
5319
5856
4363
5966
5091
5508
5688
4600
5619
4328
