5752
5540
5260
5085
4067
4332
5139
5889
5593
4444
4520
5817
4956
4427
5979
4684
4146
5844
5407
4205
5156
5386
5652
4926
5018
5232
4480
5372
5792
5315
4509
4903
4861
4781
5634
5419
5750
4486
5399
4056
5944
5981
5406
5745
5230
4890
5935
5569
5603
5433
4881
4251
4918
4264
4716
5528
5439
5770
4226
5304
5589
5448
5453
5017
4890
4735
4777
4300
5276
4048
5097
5413
5306
4170
5703
5030
5834
4578
4549
5930
5417
4106
5855
4969
4985
5395
4701
5797
4759
5713
4091
5491
5467
4660
4349
4685
4710
5436
5537
5056
4914
5261
4596
5295
4780
4646
4971
4711
4567
4237
4486
4180
4491
4155
4596
4959
5714
4090
4481
5476
5245
4648
5304
4983
4756
