5183
5683
4352
4221
5598
5318
4243
4697
5538
5558
5198
4362
4205
5360
4449
5452
4872
4600
4574
5762
5028
4176
4565
4481
4845
4230
5943
5145
5019
4800
5247
5476
5901
4176
4712
5340
4902
5046
5243
4891
5708
4445
5318
5561
4191
5857
4042
4116
5157
4913
5818
5955
4631
4107
4565
5112
5342
4002
5221
5545
5853
4024
5002
5427
5756
4215
4064
4071
5639
4916
4058
5177
5672
5819
5333
5341
4253
5480
4379
4728
4634
5869
4002
4284
4389
4615
4868
4876
5250
4409
5620
4256
4418
5253
5562
4697
5766
5063
5078
4826
4129
4775
5311
4547
5046
5016
5840
4466
4143
4121
4410
4368
5147
4185
4835
4630
5198
5658
4032
5581
5551
5546
5586
5061
4035
