5454
5691
4215
4257
5980
4182
4768
4314
4797
4592
5350
4464
5053
4575
5918
5991
5275
5108
4032
5309
4445
5791
5924
5664
4946
4943
4187
5295
5822
4908
4063
4086
5082
5303
4269
4604
5682
4832
5324
5290
5058
5901
5959
5284
5546
4732
5120
4454
4694
4766
4486
4395
4918
4303
5626
4990
5938
4579
4474
4875
5619
4868
5238
5460
4302
5824
4894
5963
4177
4889
4681
4312
4449
4368
5146
4666
5519
5704
5192
4956
4847
5148
5077
4851
4709
5910
4560
5731
4818
5392
5313
5705
5012
4727
4383
5298
4763
5933
5624
4428
4236
4138
5207
4810
5634
5034
5037
5074
5100
5580
5040
5639
4614
4077
4086
5142
4818
5476
4225
4752
4305
5922
5388
4743
5598
