5843
4272
4156
5020
4740
5883
5689
4573
4781
5807
5972
4044
5650
5419
4806
5506
5262
4846
4915
5062
4272
4631
4410
5471
5261
5520
4913
5768
5001
4425
5916
5423
5996
4101
4810
4775
5595
4692
5559
5592
5372
4494
4723
5597
5262
5989
4968
5909
5829
4840
5351
4826
4614
5248
5057
4659
5431
4659
4253
4247
4866
5260
5691
4481
4322
5566
4109
4220
5871
5614
5515
4085
5008
4110
5763
5400
5284
5989
5493
5758
5546
4972
5329
5257
4150
5366
4278
5254
5627
4027
5689
5476
4409
4667
5127
5183
5248
5765
5159
4803
4828
5829
5053
4088
4629
5252
5639
4783
4441
4621
5362
4867
5474
4252
4965
4085
5766
4649
5096
4924
5256
4030
4151
4350
4391
