5834
5094
4132
4898
4330
5515
4628
4103
4921
5665
4936
5700
4893
4763
5456
4657
4899
4718
5291
5249
5318
5948
5288
5139
4145
5804
4159
4686
5614
5378
5753
4626
5498
4749
5671
4705
4013
4301
4990
5333
4030
4056
5177
5884
5127
5454
5394
5602
4876
5469
4419
5250
4627
4770
5957
5016
5805
4863
4856
5967
4013
4899
4358
5964
5705
4182
5307
4382
5763
4852
4066
5964
5556
5806
4258
4653
4561
5870
4776
5330
4379
5899
4498
4252
5066
5032
4563
4427
4696
4764
4488
5457
5063
5646
5352
4455
4375
4883
4425
4418
5897
5559
5479
5607
4066
5105
5566
4381
5318
5328
4723
5743
4691
5026
4946
4350
5727
5504
5450
5576
4481
5852
4902
5207
4248
