5622
5645
5726
4564
4048
4573
5310
5401
4859
4701
4874
4305
4319
4793
5067
5324
5703
4020
5518
5025
4173
5802
5066
5765
5775
4660
4839
4561
4659
4997
5062
4166
4407
5204
5329
4298
5015
4109
5646
5010
4542
4085
5862
5665
5140
4315
5314
4312
5085
4872
5069
5522
4422
5482
4407
4620
5456
5406
5830
4990
5366
5457
4503
4163
5696
4443
5628
5624
4873
4078
4852
5666
4947
5549
5324
5933
4544
4249
4679
4623
4265
4618
4393
4867
5376
5651
4411
4316
4152
4808
4573
4779
5563
4410
5808
4303
4970
5995
4058
4002
5097
5022
5848
5553
4075
5097
4810
4505
4476
5185
4587
5027
5721
4980
5401
5111
5824
5866
5657
5992
5343
4855
5898
4827
4813
