4962
5861
4782
5358
5502
4103
5612
5936
5172
5454
5110
5114
5090
5652
4355
5383
4542
5178
5352
5022
5564
4745
5517
5115
4060
5507
5364
4398
4020
5962
4409
4949
4173
5841
5359
4721
4034
5893
5414
4851
5453
5708
5823
5151
5959
4084
5264
4488
4532
5497
5441
4110
5837
4717
5381
4751
4675
4544
5749
5383
5496
5232
5177
4022
4477
5127
4927
5420
5735
4048
4513
4204
5596
5410
4292
5785
4502
4499
5790
4359
5528
5228
4064
5596
5855
4012
5467
5357
4507
5457
4476
4274
5160
5032
4548
4130
5667
5069
4142
4563
5905
4243
5008
5780
4047
5753
5265
4992
5001
5709
5920
4921
5929
4416
4267
4546
5321
5143
4172
5254
5644
5720
4681
5769
5553
