5405
5515
4217
5089
5980
4258
5869
4242
5335
5592
5027
4653
4128
4647
5928
4506
4201
4232
5964
4264
4493
4402
4522
4882
4930
4114
5651
5447
4697
5752
5050
5267
5082
5857
4681
4426
5590
4481
4571
5124
5578
5143
4761
4548
5558
4081
4212
5192
5678
5587
4457
4851
5893
5218
5114
5897
5235
4104
5652
5505
4499
5132
4670
5220
4811
4468
4444
5478
5387
5520
4885
5949
5606
5372
5506
4274
5524
4301
4157
5655
5698
5867
5359
5238
4639
5647
4101
5212
4817
5611
5164
4261
5283
4582
5284
4795
5794
5087
5286
4620
5384
4874
4163
4866
4043
4134
5242
4502
4980
4698
5993
4565
4874
4837
4730
4275
5467
5637
5291
4571
5204
4557
4678
5828
4039
