4674
5938
4696
5078
4388
4986
5762
5730
4401
5521
5074
5327
4046
5748
5404
5335
5745
5431
4905
4827
5422
5650
5924
4840
5932
4236
5231
4004
4338
5344
5429
5482
5608
4010
4348
5388
5529
4564
5672
4219
5736
5948
4613
4444
4180
4577
4079
5481
5122
5965
5907
5934
4678
4511
5081
5036
5973
5843
5028
4715
4572
4177
4622
4360
4157
5001
4034
5930
5058
4709
4291
4846
4013
4263
4767
5811
4823
4545
4787
4174
4177
5267
4583
5453
5897
4938
5850
5696
4660
4272
4965
4433
5252
4615
5451
5477
5335
4046
4197
5943
5747
5759
5006
4556
4835
5710
5346
5070
4372
5986
5303
5784
5049
4852
4449
5060
4009
4393
5731
5030
4719
5558
5680
5616
5834
