4068
4160
5948
4086
4521
4528
4816
5758
5004
5311
5645
4655
5644
4459
4109
5650
4334
5106
5820
4622
5876
5397
4194
5290
5126
4949
5100
5096
4098
4296
4275
5090
5226
4208
4187
5116
4072
5178
4292
4736
5370
4851
5384
5473
4226
5765
4803
5793
4300
5814
5388
5237
5603
5155
5506
5748
4926
5144
4012
5349
5668
5183
4207
4477
5012
5630
4426
5761
5638
4942
5546
4023
5523
5445
5114
5434
4385
4828
5598
5518
4884
4222
4056
5700
5999
4336
5961
5633
5881
4012
4916
5887
4123
5572
4092
5425
5721
4933
4703
5760
5141
4540
5871
4126
5349
4758
4857
4482
5099
4077
5469
5818
5832
5342
4384
4901
4224
5126
5603
5562
4755
4587
4093
4535
5711
