4711
5443
5165
5760
5480
4279
4592
4233
5637
4184
5333
5303
5288
5880
5099
4684
5712
5104
4976
4771
4095
4731
5290
5956
4348
5001
4859
5821
4017
4962
4300
5663
4793
5509
4901
5088
4195
4983
5032
5710
4421
4825
5704
4002
5948
5183
5729
4670
4523
5559
5606
5476
4769
4512
4783
4770
5545
5690
4624
4045
4337
4717
4839
5651
5143
4248
5334
5473
5135
5543
4792
5495
5711
5622
4449
4934
4691
5226
5557
5854
4017
5840
4377
4144
5593
5511
4630
5198
4369
4605
5636
4231
4747
5762
5387
5251
4876
4702
4562
5702
5813
4432
4908
4014
4087
4528
5935
4239
5883
5613
5973
4355
4635
4895
5268
5719
4986
4370
4972
5021
5589
4503
4527
4797
5597
