5756
5144
4125
4653
4178
4669
5775
4653
4465
5934
4598
5917
4932
4298
5220
4198
5246
4317
4811
4114
4044
4581
5397
5071
4990
5198
5329
4033
5262
4656
5232
5162
5243
5073
4737
5430
4255
5603
4276
5340
5687
5979
5096
4479
4731
5116
5050
4060
5442
5973
4523
5243
4571
4512
5124
5213
4798
5932
5326
4779
5195
5881
5461
4548
5172
5798
4037
5982
5329
4595
4565
5722
4960
5905
4691
5232
4000
4240
5739
5994
5239
5350
5430
5255
5760
5748
5240
5370
4263
5660
5767
4019
4794
5871
5059
5853
4479
5850
4792
4353
4231
4066
5767
4112
5537
4339
4900
4592
4374
4925
4402
5871
5090
5401
5380
4375
4637
4663
5450
4916
4501
5823
5890
5423
4725
