5891
5018
4870
4231
4622
4671
4329
4192
4073
4043
4080
5748
5034
5593
5146
5829
5366
5001
5693
5304
4141
5141
4113
4342
4022
5992
4557
5845
4453
5524
5918
5632
4426
5084
5044
5334
4186
4435
4211
5742
5741
4313
5950
5617
5703
4189
5986
5213
5386
5970
4611
5830
5990
5439
5837
4561
4778
5469
4562
4975
4506
5228
4661
4661
4085
4183
4514
4017
5808
4570
4041
4883
4092
4600
5303
5739
4892
4655
4915
4744
4942
5636
4226
4412
5778
4083
5173
5315
4884
5526
5164
4781
5333
4589
5294
4053
5500
4344
5783
4726
5455
5549
4378
4642
5907
4711
4438
5031
4321
4536
5455
4915
4733
4006
4619
5778
5777
4423
5353
4780
5029
4484
5179
4108
5033
