4441
4199
5596
5830
5215
5228
4607
5129
5199
5912
4946
4897
5422
5489
4932
4661
5098
5524
4088
5554
4508
5252
4227
4763
4522
4666
4123
4661
4491
4441
5465
5238
5186
4409
5201
4055
4375
4651
5147
4825
4972
4028
5132
4733
5845
5033
4874
5792
5524
4890
4770
4911
4441
4675
4640
5638
5797
4971
5283
4639
5263
5278
4681
4694
4446
4418
5916
5940
5370
5852
4052
5522
5660
4450
4733
4892
4661
4269
5587
4824
4305
5426
5021
4956
5731
4103
4609
4347
5659
5560
4139
4854
5978
4704
5587
5225
5161
5877
4692
4898
4030
5553
4457
4898
5653
5367
5221
4747
5204
5005
4968
5979
4998
5197
5031
5098
5802
4477
4065
4530
5973
5269
4626
5512
4290
