5713
5381
4651
4330
4139
5778
5720
5404
4442
4416
5906
5258
5260
4938
5671
4601
5485
5544
5204
5825
4007
4227
4366
5159
5926
4828
5030
4233
4207
4566
5864
5061
4384
5010
4687
5055
4971
5923
5997
5775
5212
4965
4012
4574
4450
4404
4155
4410
4570
5680
5601
5967
5999
5467
4416
4894
4113
4281
4659
4427
4363
4561
4394
5563
4665
5041
5180
5311
4364
5445
5948
4869
5494
5089
4516
5312
4602
4243
4180
5321
4337
4734
4077
5342
5700
5462
5860
5963
5076
5868
5725
4599
4029
5237
4644
5987
5046
4582
4960
5440
5260
5132
4619
4887
4126
4280
4256
5498
4189
4290
5919
5412
4543
4515
4209
4870
5601
5185
4247
4695
5602
4047
4622
5854
4281
