4365
4795
4585
4492
5833
4751
4971
5528
4303
5305
5383
4783
5825
5226
5740
5548
4723
4775
5571
4859
4604
4855
5743
4532
5174
5714
4917
4011
5519
5435
5151
4807
4112
5063
4041
4931
5537
5556
4537
4279
4335
5138
4807
4487
4738
4721
5592
4525
5500
5678
5961
5504
4871
4324
5876
4955
4553
5396
4292
4025
4879
4023
4696
5803
4368
4759
5593
4389
5590
4810
5915
4445
4234
4470
4998
4814
4928
5094
4808
4139
4148
4289
4537
4063
5754
4967
5802
4434
5999
5092
5033
5513
5411
5812
4547
4670
4134
4450
5679
4308
4640
4718
5456
4721
4543
5935
5144
5684
4591
4184
5282
5718
4098
5625
4404
4377
5304
4503
5984
4783
4708
4871
5766
4885
4810
