5779
5485
4396
4063
4439
4141
5271
4797
4274
5334
5833
4661
5543
5979
4310
5508
4235
4008
4823
5625
5417
4118
5710
5961
5748
5301
4076
5667
4612
4743
4707
4836
5253
5309
4903
4851
4031
5706
4755
5903
5319
4516
4814
4799
4795
4547
4050
4895
5106
5848
5765
4376
5276
4970
5139
5563
5011
4807
5316
4790
4607
4800
4073
5901
4384
5658
4674
4258
4043
4895
5806
5273
5227
5639
4750
4948
5066
5474
4862
4661
5197
5709
5957
4700
4615
5833
5996
5684
5235
5583
4215
4644
4032
4974
5218
4140
5453
5545
5188
4502
4444
5030
5630
5257
5660
5376
5468
5018
4414
4120
5210
4710
4522
4198
4996
5289
4562
5096
5286
4315
4710
4615
4789
4872
5198
