5115
5032
4845
4720
4240
4130
5908
5798
4274
4563
4161
5695
5071
4680
5194
5141
4311
5937
5913
5222
4833
4288
4016
4715
5693
4976
5093
5076
4190
4173
5432
4193
5471
4995
5290
5140
5648
4869
4097
5486
4016
5749
4497
5115
5551
4115
5516
4408
5895
4406
4537
4688
5252
5402
4819
5727
4889
4417
5271
4176
5595
4058
4779
5597
5297
4822
4942
4532
5210
4253
5663
4939
4961
5407
5357
5199
4019
4357
4559
5296
4281
4298
4560
5366
5140
5594
5140
4890
5018
4028
4329
4005
4723
5503
4645
4770
4511
4354
4622
4880
4011
5571
5283
5468
4926
4281
4116
4197
5633
4432
4992
4877
4273
5660
5765
4816
4865
4965
5441
4453
5918
5980
5041
4163
5416
