5688
4454
4780
4209
4473
4058
4236
5953
4036
5508
5607
4737
5887
5833
4837
5530
5822
5002
5116
4337
5855
4456
5714
5077
5398
5070
4485
5251
5619
4780
5050
5432
4758
5441
5903
5134
4114
5629
5495
4249
5833
5861
4323
4983
4341
5579
5182
5927
4136
4355
4352
4802
5746
5776
4607
5076
4909
4182
5191
5402
4003
5472
5498
4280
5231
5432
5655
5420
5473
4380
4391
4773
4072
4897
4131
4149
5799
4591
5902
5899
4637
4798
5054
4603
5496
5625
4587
5670
5551
4149
5212
5735
4389
5876
5253
5508
5970
5326
4010
4298
4780
4456
5051
4685
5463
4149
5842
4075
4819
5637
5864
5828
4388
5290
5135
5322
4315
5455
4986
5098
5114
4519
4300
5501
5716
