5217
4920
5947
5462
5858
5530
5648
5064
4856
5492
5180
4650
5660
4925
5604
4146
4453
5895
5604
5746
4003
4773
5673
4693
5466
4653
4690
4626
5052
4079
4812
5336
5915
5918
5016
5868
4297
5502
5445
4321
5075
4223
5399
5058
5886
4389
4785
5130
4521
5660
4895
5683
4996
5391
5158
4214
4004
5223
5751
4285
5169
4834
5684
4315
4718
5465
5396
4822
4654
5109
4349
4445
4895
5861
4112
4352
4424
4171
4792
5730
4051
5155
4071
4879
4671
5097
5675
5207
5751
4473
5514
5090
5752
4430
5543
5822
5740
5408
5506
5733
4197
4616
4762
5302
5584
4412
4275
4061
5135
4421
5281
5484
4940
4118
5025
5342
5432
5921
4021
5428
5185
5948
4280
4720
4923
