4381
4666
4681
4803
4578
5838
5185
5728
4642
4269
4975
4365
5743
4955
4772
4297
4626
4151
5698
5146
4111
5838
4131
4086
5522
5907
5446
4144
4654
4314
5288
4930
5612
5892
5319
5072
5581
5015
4754
4841
5516
5573
5213
4653
4296
5555
4481
4615
4228
4604
4936
5441
5227
5140
4741
5910
4964
4816
5685
4372
4654
4559
5133
4607
4525
4370
5772
4185
4040
4063
4193
5787
4462
4242
5371
5651
4538
5255
5350
4849
4900
4465
5953
5980
4211
4692
5167
5137
4228
5919
5493
4724
5901
4192
4396
5832
4617
4149
4360
4896
5625
5506
4029
5765
5465
5095
5172
4136
4438
4078
5983
4434
4515
4120
5223
5400
4547
5714
4284
4588
4359
5776
5408
5651
4603
