5198
4609
5845
4202
5305
5872
5166
5393
4369
5126
4787
4943
5756
5651
5497
4408
5994
4598
4110
4179
4335
5211
5179
4530
4435
5126
4440
5312
4112
5668
5974
4930
4641
4536
5780
5149
4086
4655
4112
5839
4382
5622
4001
5162
5968
5170
4071
4101
5759
4929
4257
5065
4095
5383
5922
4818
5026
4015
4278
4981
4777
4817
4569
5174
4749
4010
5801
4854
5802
5102
4736
4392
5475
5178
4029
4353
5121
4968
5182
4339
5770
5415
4806
4916
5592
5951
5814
5089
5819
4515
5600
5771
4857
5995
5805
4645
4927
4185
4930
4711
5648
4026
5369
5100
5329
5142
4675
5399
4468
5823
4334
5822
5865
5805
4651
5489
5397
4307
5005
4904
4393
4290
4272
5182
5078
