4255
4536
4436
4091
4774
5193
5933
5182
5051
4767
5481
5611
5765
4992
4395
5428
5202
5141
5104
5491
5579
4150
5014
4288
4052
5639
4746
4760
5817
4904
5033
4712
5144
4833
5419
5914
4716
4549
4818
5731
4970
4279
5835
4522
4307
4711
5511
4109
4413
4151
4603
5137
5955
5976
4461
4327
4349
4706
5874
4144
5060
4667
5760
4329
5417
5636
5595
4803
5632
4118
4605
4019
4919
5255
4752
5838
4332
4788
4709
5187
4858
5177
4006
5281
5506
4239
5907
4670
4301
4245
5189
4954
5120
5420
5586
4272
5840
5487
5794
4355
5382
5251
5275
4861
5475
5623
5078
5023
4029
4471
4353
4789
5603
4006
4741
4031
5081
5176
4868
5787
5752
4820
5265
5886
5483
