5426
5059
4443
4854
4368
4423
5771
4261
5479
5041
4693
5523
4002
4990
4753
5514
5578
5818
4292
4404
4497
4056
5942
5729
5950
5409
4298
4658
4978
5582
4165
5164
4549
4591
5600
5751
4349
4539
4627
5421
4292
4562
4700
5542
5020
5143
4555
4262
4169
5842
5119
4566
5772
5272
4748
4279
5256
4019
4573
5444
5871
4613
5966
5475
4528
5302
4779
4541
4864
4643
4697
4185
5506
5214
4009
5292
4285
5350
4604
5521
5310
5282
4745
4389
5078
4853
5083
4243
4961
4826
5654
4629
4016
4358
4666
5977
4746
5742
5097
4953
5145
4018
5166
4508
5478
5144
4575
4443
5417
4176
4472
4506
5906
4236
4292
4599
4272
4149
5129
5199
5878
5642
4279
5865
5870
