5348
5798
4405
4170
4909
4418
4480
5113
4277
5137
4404
4848
5388
5195
5902
5561
5061
4915
5622
4972
4265
5495
4677
5156
5404
5569
5483
5123
5638
5677
4975
5417
4377
4371
5355
5894
5717
4432
4271
4146
4339
4476
5989
4212
5697
5277
5767
4520
5238
5138
5699
4119
5565
4411
4339
5356
5583
4443
4256
5243
4606
5336
5124
4557
5087
5868
5309
4802
4474
4821
5683
5491
4204
4378
5653
4111
5256
4348
5116
5711
5847
4633
4087
4564
4902
4049
5381
5063
5609
4628
5969
4363
4336
5812
4482
4150
5803
5852
4813
5959
4459
5139
5147
4288
4012
4974
4425
4552
4170
4810
5939
5599
4800
4165
4153
4406
4795
5092
4603
4616
4817
5862
4666
5128
5037
