5285
4444
4992
5403
5768
4284
5561
4900
4907
5230
4254
4481
5449
5210
4553
5637
5238
5968
4088
5938
4546
5626
5264
4533
5922
5420
4767
4937
5290
4141
5396
5082
4604
4793
5300
4172
4025
4533
4290
4204
5072
5553
4061
4856
5823
5802
5178
5774
5944
4036
4203
5839
5241
5055
4226
5963
4495
4444
4056
5103
5134
4658
4520
5454
4956
5984
4052
5430
4942
4835
5824
5744
4786
4577
4962
4352
4683
5275
5434
4211
4970
4371
4710
4692
4824
4746
4765
5614
5538
4285
5466
4229
4813
5437
5711
5888
4301
5098
5939
4389
4691
5799
4320
5442
5447
4015
4711
4193
4865
4265
5073
4840
5452
5071
5634
4400
4709
4210
5082
4552
4108
5699
4243
5839
4999
