5568
5243
4692
5397
5385
5694
4266
4003
5258
5188
4074
4968
4263
4699
4138
4985
4808
4432
4238
4601
5086
5629
4947
5265
5120
5422
5356
4003
4863
4654
4306
5499
5702
5023
5609
5121
4582
4432
5351
4347
4129
5792
5376
5114
4966
4504
4996
4011
4455
5143
4215
4716
4143
5704
5278
5163
4246
4629
5989
5731
4701
4418
5975
4237
4938
5079
5671
4545
4653
5833
5623
5425
4348
4097
4902
5300
5978
4916
4070
5444
4343
4952
5131
5911
5705
5315
4321
4355
5553
4287
5747
5451
5298
5052
5741
5106
5260
5734
4466
4037
5358
4342
4158
4667
4400
4910
4033
5156
4415
5362
4016
4458
4174
5830
4699
5826
5213
4707
4441
5640
4907
4860
4240
4783
4121
