4422
5450
5646
5979
4830
5871
4224
4793
5084
5205
5024
4890
5224
4805
5124
4169
5176
4150
4490
4600
4787
5072
5863
4951
5226
4564
5366
5378
4578
5936
5223
5220
5662
5188
5688
4770
5476
5178
4607
5754
4279
5323
4851
4252
5117
5836
4617
4253
4556
5522
4002
4078
4621
4840
5078
5464
4086
5973
4777
4287
5501
4061
5205
4392
5708
5695
4180
4855
4026
5926
4404
5964
4850
4088
4896
5357
4523
4469
5411
4770
4768
4840
4554
5593
5558
5548
5700
5708
4029
5354
5861
5119
5212
4151
5284
4225
5347
5208
5350
4419
4158
5430
4251
4439
5546
4528
5496
4553
5695
5748
4214
5479
4505
5900
5614
5627
5538
5421
4520
4900
4293
5387
4314
5358
5608
