4964
5417
5761
4397
5554
4477
5243
5493
5198
5429
5226
4369
5890
4129
5882
5096
5076
5523
4477
4770
5455
5213
4802
4663
4735
4438
4590
5111
5418
5399
5080
4756
5246
4209
4471
5802
4179
4713
5829
4149
4232
4614
4957
5363
5627
4444
4140
5184
4071
4007
4314
4793
4489
4375
4207
5061
5631
5054
4899
5735
4529
5498
4321
5713
4991
4291
4555
4085
4168
4929
5603
5690
4499
5815
5427
5105
5068
5711
5025
5535
5625
5256
4469
4368
4808
4380
4712
5366
5565
5963
4569
5304
5137
5722
4007
5156
5488
4363
5424
5320
4926
4815
4866
5584
5053
4338
5606
4060
5977
5059
5403
4576
5746
5207
4261
4572
4425
5747
4147
5996
4641
5687
5431
4852
4985
