4223
5287
5685
5065
5439
4812
5006
4740
5716
4596
4791
4356
4608
4437
4950
4676
5975
4966
5972
5120
5361
4256
4899
5431
4362
5277
4758
5455
5505
5119
5428
4268
4185
5541
4399
5482
4977
5953
4899
5030
4096
4010
4165
4103
5070
5802
5999
5830
4327
5834
5140
4549
5380
4049
5668
5563
4137
4273
4782
4955
5114
4320
5647
4835
4137
5092
4520
5603
4469
4326
5274
4635
5341
4942
4641
5343
5832
4471
4370
5904
5992
5415
4210
5822
4886
5717
4380
5557
4183
4019
4511
4273
4833
4116
4174
4333
4305
4859
5138
5611
4831
4116
5623
4325
4212
4018
5296
4380
4725
4703
5768
4501
4345
5807
5663
5005
4015
4489
4940
5971
5738
4538
4974
5342
4662
