4635
4352
5613
5116
4495
4917
5953
4744
4671
4229
4084
4258
5049
4583
5210
5432
4200
5414
5821
4694
4733
4543
5903
5801
5700
5624
4935
4021
4696
4127
4949
4335
4402
4176
5263
5781
4563
5433
4371
4162
5493
4803
5077
4436
5454
5674
5527
4798
5758
5561
4704
5423
5322
4881
5866
5907
4321
5193
5011
5984
4793
4276
5922
4282
5761
4883
4832
4144
5791
5069
5737
5116
5555
5948
4110
4641
4562
5365
5985
5234
4157
5947
4309
4653
5352
5683
5317
4588
5963
5795
4931
5912
4008
5049
5298
4960
4862
5700
5977
4261
5077
4639
4260
4402
5902
4754
5480
5740
4412
4386
5595
5059
4196
4772
5672
5003
4340
5858
4188
5896
5411
5821
4986
5384
4226
