4949
4215
4040
4623
5671
5613
5248
4700
4263
5867
4091
4784
4868
5618
5964
4037
5252
4563
4733
5412
5530
5696
4029
5538
4685
5566
4396
5483
4587
5709
5339
4749
5425
4009
5397
5519
5379
5512
5310
5679
5574
5700
4006
4414
4223
5601
5327
5176
4284
4718
5254
4949
5979
4779
5916
4864
5537
4532
4046
4191
5673
5870
4571
5427
4978
5966
5015
5761
4238
4538
4724
5459
4718
5395
4050
5307
5492
4086
4570
4755
5303
5925
5801
4420
5220
5385
5169
5238
5950
4518
4359
4018
5951
5328
4972
5761
5960
4589
5347
5877
5739
5540
4267
5004
4517
4727
5466
5893
4143
4371
5168
5407
5673
4535
4859
5250
4787
5822
4979
4605
5016
5313
5962
5952
4316
