4554
5236
4054
5548
4244
5619
5450
5020
5580
5444
5577
4396
4114
5742
5056
5891
5128
5042
4922
5539
5846
4328
4849
5413
5979
4790
5995
4543
5929
4175
4279
4126
5479
4083
5905
5838
4869
5363
5987
4785
5266
4452
5962
4961
4287
4605
4285
5733
4169
4719
4086
5037
4387
4362
4228
4499
5775
5520
5598
4351
4499
5054
4034
5386
4631
4241
5596
5894
5988
4936
5589
5772
5775
4832
4040
5290
5889
5180
5375
5378
5854
4669
5582
4444
5039
4662
5663
4564
5324
4046
4152
4376
5266
5329
5515
4462
5816
5379
4601
5317
4642
4138
4437
4112
4406
5255
4551
4895
4359
4589
4476
4831
5141
5258
4398
5932
4343
4974
4822
4793
5019
5197
4878
4405
4985
