5918
4562
5131
5903
5799
4026
5628
5635
4191
5841
5065
5331
5457
5326
5099
4440
5344
5350
4451
5522
4705
4780
4044
4454
4686
5188
4287
4298
4069
4605
4441
4233
4790
4717
5019
5433
5739
5358
4250
5240
4847
5362
4611
4381
5360
4834
4896
5380
4319
5508
4786
5341
5918
4085
5592
4354
4413
4814
4333
5851
4799
4117
5267
5716
4440
4581
5972
5660
5335
4148
4463
5417
5843
5084
4348
5163
4759
5087
5980
5874
5058
4722
4187
5757
4970
4420
4333
4071
4295
5970
5169
4003
5143
4325
5202
5246
5656
4914
5149
5999
4061
5502
5783
5369
4524
4096
4014
5510
4329
4704
4531
5662
5375
4961
5065
4975
4152
4321
5393
5393
4292
5079
5684
5994
5463
