4011
5613
4209
4592
4246
4046
5384
5534
4011
5459
5240
4423
4760
4583
5165
5764
4377
5634
4413
4764
5165
4272
4204
4157
5440
4990
5564
4048
4396
5168
4381
4288
5930
5014
4497
5207
5588
5279
5829
4746
4143
5833
5307
4525
5235
5956
4532
4204
5664
4157
4797
4307
4141
4073
4707
5829
5393
5787
5901
5780
5466
5964
4805
5567
4968
5415
4049
4078
5450
4058
5320
5370
4760
4824
5748
4368
4490
5818
4218
4272
4003
5272
5858
4905
4228
5171
5288
5908
4656
4474
5145
4624
5060
5866
4582
5406
5314
5741
5030
5713
5393
4529
5533
5147
4558
4926
4472
5154
4982
5492
5524
5901
4571
4256
4980
4521
4121
4243
5991
4155
4656
4201
4319
5222
4967
