5662
5755
5962
5169
4814
4729
4830
4167
4144
4896
4476
4252
5542
4477
4830
4768
5060
4685
4859
4338
4740
5304
5796
5781
5031
4599
4601
4937
4341
4192
4041
5502
5723
5836
5307
4100
4089
4337
4045
4040
5277
5845
4721
5568
4332
5980
5009
4207
5848
4409
5100
5068
4428
4442
5110
5098
4528
5811
5966
4420
5215
5525
4573
4241
4330
5216
5556
5958
5572
5005
5677
4488
5044
4503
5731
4452
4306
5405
4451
4439
4293
5935
4572
4364
4730
4470
5931
5237
4976
4012
4807
5033
4943
5297
4935
5748
4485
5705
4982
4838
5613
5423
5764
5261
4874
4990
5589
4508
4982
4347
4515
4664
5832
4711
4193
5390
5080
4773
4837
5103
5845
5885
4219
4375
4831
