5891
4356
4283
5298
4172
4765
5222
4629
5897
5499
5955
5762
4112
4544
4564
4202
5657
4258
5859
5531
5247
5004
5229
4126
5530
5588
5771
4635
4297
5711
4733
4696
5827
4736
5251
5739
5214
5281
5896
5330
5695
5382
5217
5068
4659
4341
4634
5154
5175
4572
5069
4647
4804
4942
4492
5584
5255
5508
4401
5210
4712
5216
5593
5870
5862
5254
5765
5010
4147
5226
4022
4497
4334
5585
4186
5175
4823
5415
5213
5865
4550
5262
5234
5876
4620
5461
4813
5093
5277
5965
4831
5173
5550
4720
4545
5786
4543
5494
5081
4554
5301
5083
5331
4985
4097
5262
4411
4238
4548
5399
5861
4971
4855
4245
4368
5258
4412
5622
4699
5627
5258
4482
4612
4856
4625
