5929
5401
4134
4064
4426
5120
4967
4107
4631
4145
4777
4115
5909
5873
4276
4959
4658
5572
5485
5036
5286
5784
4313
4008
4066
5834
4711
4288
5166
5750
5009
4546
4486
4960
5364
5416
5859
4325
4900
4417
5056
5007
4485
5826
4319
5234
4992
5365
4049
5977
5811
5853
5486
5519
5258
5496
5030
4050
4397
4786
5193
5766
4347
5918
4121
4592
4672
4855
5997
5735
5531
5629
4959
4247
4735
5405
4578
4637
5546
4752
4102
5472
4393
5382
4247
4014
5958
5902
4728
4645
4603
5155
5778
4887
5344
4169
4784
5993
5702
5042
5047
5064
5784
4358
4393
5017
4476
5008
4749
4636
5583
5752
5533
4848
4683
4451
5228
5851
5601
5159
4054
5955
5661
4406
4058
