5148
4209
4563
4331
4069
4063
4195
4229
4135
4578
4647
4309
5987
4545
5873
5241
5777
5889
4745
5771
5070
4551
4417
5190
4464
4948
5814
4651
5318
5082
5708
5806
5272
4557
5407
4955
5277
5650
4252
5671
4941
4346
5166
4379
5179
4622
5346
5690
5342
4697
5203
4221
5771
5191
4468
5154
4420
5209
4690
4629
5428
4384
5513
4795
4991
5500
4658
4074
5044
5814
4250
5095
5752
5560
5576
4942
4790
4397
4116
4322
5727
4851
4202
4905
4943
4662
5100
4068
4141
5287
4916
4382
5764
5378
5341
5678
4922
4380
5599
4448
4223
4504
5812
5505
4780
5835
5912
4446
5645
5440
5843
5956
5072
5569
5496
5145
5305
5647
4686
5694
4950
4142
5315
5668
5113
