4645
5662
5001
5748
5813
4515
5935
4885
5119
4374
5560
4575
5062
5534
4055
5013
5557
4054
5277
4676
5044
4791
5440
4047
5926
5015
4870
5674
5520
5824
5433
5811
4932
5726
4102
4969
4476
4764
4872
5641
5080
5653
5177
5123
4863
5084
4987
4499
5296
4056
4048
4685
5887
4690
4941
4951
4774
4938
5193
5236
5295
5336
5540
5858
5919
5341
4664
5427
5447
5309
4121
4251
4076
4253
5865
4067
5875
5379
4882
5501
4639
4452
5792
4677
4388
5580
4125
5099
4519
4830
5274
5062
5051
5224
4734
5692
5175
5650
5552
5758
5141
5167
5085
5513
4506
4366
5157
5304
4744
5916
4564
5000
4393
4751
4538
5759
5401
5568
4982
5009
5646
4952
5376
4916
5017
