5698
5814
4290
4982
4189
5757
5261
4349
4522
5188
4568
5624
4694
5251
4467
5578
4348
4535
4030
4399
5960
5998
5875
5484
5700
4098
5242
5519
5099
5065
5851
4118
5428
4237
4295
5740
4710
4772
5122
5271
4588
5251
5734
5856
4960
4671
5441
4500
4154
5674
5315
4681
5781
4629
4656
5283
4812
4282
4946
5630
5865
5622
5359
5038
5744
4577
5291
4857
5794
4289
4977
4175
4236
4107
4803
4774
5071
5638
4551
4931
5030
4091
5485
5117
4708
5484
4850
5203
4990
5957
4273
4940
5432
5289
5026
4922
4609
4834
4134
5018
4609
5301
4593
5590
4488
5385
5132
4248
5511
4515
4702
5715
4008
5148
4892
4806
5964
5374
4980
5366
4777
4910
4204
4427
5088
