4815
4853
5112
5904
5154
4473
5068
5558
5239
5266
5362
4794
5401
5686
4702
4744
5749
5370
5591
4750
5563
5283
4350
5751
5137
4024
4738
5407
5117
5248
4968
5527
5145
4115
4343
4602
5683
4301
5051
4991
4886
4578
5187
5952
5372
4197
4876
4374
4890
5496
5743
4926
4782
5107
4672
4384
5555
4509
4450
5510
5431
5423
5266
4905
4192
4275
4711
4780
5313
5936
4978
4971
5898
4183
5253
5105
5026
4828
5961
4464
5920
5443
4937
4304
4513
5799
4304
4221
4064
5387
4162
4867
5032
4631
4237
5802
5430
4555
4434
4931
4246
4455
4891
5762
4756
5680
5575
5900
4925
4258
5968
4232
4150
4099
5623
4128
4880
4781
4692
5273
5864
5543
5262
5869
4003
