4893
5885
5301
5937
5088
5682
4103
4389
4532
5742
5408
4316
4278
5531
5730
5389
5936
5417
5890
4046
5993
5137
4987
5357
5113
4135
5855
4378
4652
4685
4298
4656
4206
5964
4031
5298
4626
5530
5547
5922
5541
5452
4071
4434
5232
4293
5967
4810
5233
5168
5950
5692
5082
4946
5104
4872
5829
4508
5582
4399
4119
5955
5765
5920
4841
5659
5032
4622
4179
4318
5709
5462
5707
5504
4454
4379
5635
5919
4141
4790
5873
4454
5098
5066
4828
4546
4415
5608
5293
4963
4770
5441
5242
5339
4669
5011
5025
4700
4957
5467
4234
4300
4981
4554
4893
5659
5376
5953
4016
4884
4628
5492
5364
4563
4936
4427
4292
4429
4774
5140
4895
5666
5361
5076
5174
