4425
5336
4592
5710
5391
5327
5029
5688
4048
5241
5992
5974
5662
5094
5018
4581
5408
5806
4964
4477
4882
5573
5079
4551
4801
4683
4551
5339
5914
4064
5577
5514
4627
4395
4257
5157
4645
5646
5657
4019
5955
5565
4684
4004
4828
4336
5121
5433
4964
5599
5775
4585
4796
5225
5912
4215
4963
4688
5799
4274
5160
5831
4302
4447
5403
5109
5490
5155
5919
4247
5785
4787
4269
4802
5573
5134
4905
5618
5210
4131
5860
4376
5819
4295
4435
4214
5844
5454
5394
4348
4819
4603
5043
4665
4411
5897
5030
4535
5757
4627
5696
5213
5647
5785
4282
5450
4137
4064
4365
4942
5357
4730
4167
4046
5732
5194
5158
5518
5430
4318
4276
5882
5120
4189
4409
