5813
5751
5202
5016
5194
5103
4129
4137
5082
5808
5990
5093
4008
5022
4565
4707
4518
5512
4146
5974
5437
5393
5869
4800
5593
5406
5705
4972
4143
4295
4158
5774
5457
4301
4339
5401
4162
4430
4050
4098
5784
5514
5035
5515
4025
5618
4517
5591
4331
5820
5711
5343
4829
4574
5832
5135
4614
4830
4568
5359
5343
5572
4392
4163
4646
5322
4469
5194
4419
4886
4812
5218
4842
4703
5635
4332
4115
5440
5572
4281
5735
5517
4856
5003
5791
4738
5105
5023
4259
4899
5125
4555
5210
4931
5685
5687
4356
4215
5801
5981
5416
4580
5158
5896
4694
4871
5299
4183
5862
4277
5547
5724
4092
4233
4625
5747
4454
5160
5840
4171
5714
5579
5391
5381
4671
