4256
4754
5110
4384
5108
4943
5653
4231
5174
5215
4695
4895
4574
5091
4926
4415
5417
5549
5277
5255
5016
5612
4224
5542
5161
5494
5967
5932
5711
4203
4633
4520
5200
5672
4525
4089
4654
5204
4088
5610
5279
5511
4043
5920
4203
4378
4984
4209
4027
4397
4836
5843
4643
4217
5710
5456
4747
5480
5886
5221
4980
4952
5300
5857
5365
5751
4774
5805
4227
5543
5457
5909
4022
5493
5397
5480
4820
5111
5672
5967
4617
5079
4520
5896
5052
4594
4906
4051
5834
5665
4000
4677
4883
5941
5719
4273
5874
5716
4678
5331
4990
5384
5922
4794
5226
4808
5297
4310
5062
4350
5737
4709
4216
4180
5298
4656
4386
5939
5962
4180
4667
4957
5093
4089
4718
