4574
4649
5389
4786
4677
4113
5344
4014
4927
5782
5373
4019
5423
4731
4551
4848
4234
5336
5091
5495
4777
5981
5792
4684
5255
5363
4912
5965
4945
4353
5123
5431
5778
5909
5689
5905
4429
4044
5230
5371
4677
4866
5568
5228
5906
4805
5138
4630
4643
4393
5883
4434
5339
4997
4883
5423
5024
5285
4009
5790
4127
5997
5648
4063
4072
5110
4107
4680
4085
5611
5821
4626
5796
4421
5427
5497
5428
4304
5306
5476
5039
5582
5006
5756
4138
4162
4981
4800
4214
4644
5413
4401
5588
4415
5722
5129
5328
5910
5935
5508
4522
5961
5927
4242
5383
5641
5326
4266
4329
4961
4891
5661
4632
5621
4469
4398
5024
4997
5991
4318
4182
4943
5969
4515
4193
