4575
5587
4619
4021
4882
5740
4483
5116
5425
5129
5624
5018
4315
4803
4814
5486
4006
4723
4824
5056
4572
5215
4720
5437
5808
5364
5224
5531
5005
5546
4001
5384
5041
4483
5656
5790
5309
4727
4560
5926
5092
5144
5567
5518
5081
5889
4435
4822
4272
4170
4100
4110
5270
5251
4212
4655
5085
5944
4899
5649
4450
5150
4320
4939
4999
4715
4114
4695
4905
4372
5449
5882
4052
4614
4237
5753
4419
5128
4775
5459
4127
5780
4258
4271
4060
4123
4444
5540
5224
5010
4189
4774
4348
5004
5127
4730
5864
5709
4522
5210
4208
5368
4986
4498
4352
4707
4846
4158
4841
4524
5172
5491
5976
4597
4547
5570
5451
5130
4041
5363
4176
5620
4207
5670
5497
