5417
5610
4732
5974
4198
4324
5208
4338
5719
4787
4410
4883
5738
4786
4276
5110
5576
4454
5401
4262
4856
4964
5676
4306
4754
4028
4708
4280
5992
4252
5098
4566
5647
5857
5141
5476
5222
4629
4530
4586
4001
5268
4332
5318
5663
4879
4562
4686
5025
4273
4719
4572
5814
4440
4232
4620
5947
5757
5708
4873
4393
5843
5259
5661
4544
5043
5218
4227
4734
4501
5270
4401
5316
4434
4644
5964
5698
4313
5245
4037
4125
4777
4361
5640
5278
5900
5330
5146
5866
4640
4226
4448
5033
4616
4577
5675
5137
5064
5492
5275
4767
5023
5743
5569
5909
4748
4419
5707
5805
5480
4594
5364
5155
5380
4921
4151
4933
4554
5945
4263
4545
4132
4674
4673
5429
