4703
5554
5257
5609
4708
4177
4194
5628
5147
5177
4149
5545
4688
5816
4413
5852
5759
5711
4190
4988
5236
4908
5026
4662
4699
5856
4923
4810
4705
5252
4134
5129
4080
5993
4100
5213
4156
5498
4663
4009
5199
5298
4876
4551
4626
4737
4187
4403
5072
5503
4323
5642
4785
4207
5865
4209
4508
4157
4699
4612
5842
5371
4484
5353
4961
5039
5571
4792
4767
5880
5594
5956
5829
4745
4965
5250
4341
4280
5497
4175
5276
4678
5497
4657
5454
4827
4794
4991
4288
5568
4083
5653
5865
5722
5855
5506
4793
5898
4713
5120
5839
4633
5069
5703
4185
4669
4323
5196
5762
5651
4213
5660
5266
5228
4788
5496
5410
4289
4032
4516
4066
5378
4844
5801
4768
