4382
4309
4714
4249
4872
5409
5017
5525
5368
5545
4605
4403
5703
4727
5181
4696
4352
4778
5801
5785
4763
5675
4393
4793
5506
4474
4365
4437
5124
4232
5026
4867
4121
5086
4403
4682
4362
4466
4856
5995
5263
4497
4357
5336
5269
5798
4876
4444
4795
5685
4426
5936
4287
4704
5641
4525
5066
4280
5587
5111
5596
4388
4847
4414
4955
5991
4840
5187
4100
5843
4944
5889
5538
4781
4942
5746
4730
4003
5549
4657
4283
4195
5361
4216
4805
4313
5276
4543
5775
5823
5592
4889
5675
4061
4652
5667
5187
5567
5319
5637
4241
4321
5874
4038
5332
4211
5030
5830
4025
5963
4005
5690
5630
4265
4988
4380
4721
4544
4365
4450
4449
4269
5816
4237
4262
