4172
5767
4376
4737
4093
4415
4114
4731
4579
4950
5005
5874
4366
4461
4357
4520
4371
4402
4067
4830
5734
5554
4034
4377
4380
5062
5066
5933
5830
4938
4139
4443
4002
4470
4216
5609
4180
4170
4024
5253
4660
4301
5849
4860
5919
4825
4773
4370
5741
4030
4987
4026
5189
5569
4921
5708
5018
4035
4993
4081
4108
5305
4881
4205
5843
5865
5547
5978
4754
4679
5601
4280
5964
4515
4966
4379
5114
4988
4225
5789
4057
5147
4638
5905
5729
4096
5278
4575
5883
4043
5030
4703
5219
4302
5150
5994
4522
4202
4050
4893
5140
5936
4736
5971
4905
5502
4960
5054
4048
4796
5091
5222
4289
4566
5030
5002
5441
5225
5540
4596
5075
5001
5037
5265
4541
