4134
4553
5052
5649
5117
4497
5365
4897
4619
5121
4365
5862
4144
4207
5918
5828
4404
5012
4636
5633
5323
4922
4147
5596
4063
4733
4320
5531
5682
5150
5715
4979
5233
4433
4930
4334
4213
4488
4217
4569
4267
5692
4094
5276
5338
5709
4603
4384
4150
5667
4417
4755
4333
4145
4261
5287
5782
4973
5467
5687
4334
5732
5715
4644
4416
5994
5568
5552
5259
5198
4971
4835
4260
5439
5319
5731
5176
5266
4874
5392
5748
4486
5286
4572
4443
5077
4242
5739
5542
5040
5891
4995
5623
4419
5836
4367
4328
4479
4689
5818
5953
5485
4285
4367
4808
4445
4569
5050
5912
4458
4240
5820
4990
5137
5056
5301
5727
4690
5899
4281
5971
5921
5144
5157
4785
