4440
5433
4293
4553
4136
5010
4319
4266
4375
5761
5945
5954
4782
5381
5772
4875
4307
5068
4827
4178
4159
5761
5098
4956
5818
4122
4285
4409
5977
5341
4402
4925
4152
5710
5176
5941
4100
5257
4770
5861
4093
4712
4961
5569
5361
5497
5958
5555
4643
5748
5309
5023
4076
4278
5450
5471
5339
5081
5658
4033
4752
5485
5810
4823
5349
4266
4570
5271
4866
5003
5914
4267
4033
4491
4693
5680
4298
5193
5566
4585
5780
5058
5701
4872
5932
4283
5932
4769
4809
4251
5613
4253
5068
5936
5829
4249
5625
5539
4621
4846
4237
5256
4574
5392
4393
5833
4345
5161
5114
5981
4671
5330
4184
4909
5447
4462
5880
5537
5210
5898
4725
5062
4744
4301
5554
