4423
4353
4125
5407
4053
4343
5037
4238
5278
4896
5367
5801
4981
4815
4493
4749
4608
5529
5458
5389
5580
4847
5780
4985
5217
4368
5988
5181
4725
4268
5773
4376
4678
4877
4037
4328
4273
5380
4854
4265
4642
4705
5904
4845
4129
5969
5480
4380
4661
4389
4164
4209
4212
4617
5123
5231
5705
4421
5162
5734
4312
5312
4003
4571
4359
5022
4695
5659
5885
4856
4706
4209
4563
4770
5424
5103
4517
4257
5525
5613
4315
5066
4968
5347
5462
5687
4276
5864
5618
5029
4393
4241
4547
5392
5247
5543
4297
5117
5403
5285
4916
4813
4367
4996
4134
5347
4556
4458
4403
4746
5597
4007
4188
4194
4325
5852
5798
4914
4274
4978
5014
4475
5943
5037
4016
