5974
4434
5112
4533
5501
5085
5628
5913
4751
5764
5374
5851
4424
5319
5955
5473
5878
4414
5874
5127
5851
5922
5217
5181
4026
5316
5435
5456
4850
5250
5322
4690
5708
5638
4467
4152
5167
5390
5176
5883
4236
4249
4744
5988
4149
5974
5489
4753
4436
4160
5907
5921
4386
5984
4890
4858
5020
4759
4888
5689
5027
5721
5719
4729
5169
5564
5756
5710
4275
5922
4470
4090
5067
5634
4892
4217
4444
4934
4553
5724
5513
4324
4626
5604
5694
5256
5005
4819
5972
5993
4794
4177
5981
4627
5539
4874
5104
4019
4957
5160
4189
5875
5714
5277
5011
5441
4778
4393
5644
4682
5964
4738
5933
5770
4340
4722
5738
5007
5353
5271
5750
4857
4651
5077
4443
