4542
5915
4768
5629
5486
4379
4421
4092
4925
5914
4107
4188
5465
5938
4022
4842
5785
4385
4549
5650
4047
5892
5793
5234
5928
4739
5881
4049
5835
5390
4332
5514
5722
5743
5632
5194
5894
5544
4623
4874
5544
4187
4843
5955
4024
5163
4109
5335
4566
5899
5914
4927
5547
4767
5907
5366
4853
4784
5783
5086
5243
4847
4857
5942
4833
4745
5697
5745
4527
5352
4745
5061
5861
4712
5674
5329
5347
4753
5341
5672
5011
5426
5136
5916
4796
4266
4375
4950
4368
5296
5941
4957
5359
5436
5315
5699
5014
4661
4599
5912
5536
5761
4988
5666
4338
4589
4450
5648
5321
4909
4380
4117
5832
4229
4629
4546
4591
5265
4161
5600
5528
4188
5337
4353
5962
