4471
4074
5362
5022
4472
4362
5402
4107
4400
5408
4941
4299
5952
4347
4155
5224
5022
5728
4361
4142
4095
5093
5370
4791
5869
5292
4316
4290
4171
5339
5868
5844
5053
4500
5890
5635
4449
4639
5336
4128
5958
4496
4992
4695
4719
5065
5227
4923
4280
4678
4265
4002
4722
5789
4772
4722
5684
4848
4064
4122
5982
5983
4132
4951
5406
4774
4953
4039
5670
5902
4406
5417
4592
5022
4310
5448
5477
5921
5561
4720
5120
5752
5257
5925
5184
5272
4818
5431
4920
4849
4843
5750
5744
5192
4977
5538
4893
4833
4556
4332
5956
5241
4575
5614
5790
4363
4713
5856
5629
5583
5108
5014
4937
5084
5489
4380
4127
4009
4174
5553
4629
5623
5441
4818
4691
