4254
4657
4179
4933
4700
4500
4190
4825
5431
5031
5691
5902
5850
4045
5777
4284
4947
4623
5682
4085
5119
5128
4241
5039
5855
4080
4417
4405
5201
4597
5303
4411
4203
4012
4771
4135
5428
4623
5195
4124
5520
5930
5780
4511
4869
4619
5848
4439
4287
4994
5756
5484
5822
4459
4698
5992
5770
5134
4393
4641
5992
5967
4119
5377
4008
4290
5780
4758
5062
4061
5837
5463
5909
5191
4072
5464
4426
5406
4155
5040
5148
4519
4253
4325
5715
5349
4809
4936
5748
5432
5808
4751
5089
4495
4096
5008
5662
4412
5418
5762
4261
5038
5953
5953
4958
5917
5642
4565
5866
4737
5331
4202
5693
5845
5067
4397
4523
4675
4052
5209
5825
5365
5710
4645
5909
