5159
5365
5655
4844
4500
5008
4064
4161
4382
4416
5095
5480
4072
5553
5711
5650
5364
4338
4705
4858
4606
5052
5346
5911
5549
4814
4516
5480
5745
5456
4120
4984
5062
4390
5935
5856
5095
4997
4340
5839
5177
5610
5386
5191
4441
5645
4150
5231
5104
4205
5526
5375
5752
5080
5924
5848
5929
4392
5725
5305
4712
4617
5113
5169
5076
5859
4220
4001
4043
5459
5931
5884
5345
4154
4368
5602
5488
4130
4962
4439
5607
5663
4243
4132
5185
4286
5931
5938
4038
5265
5601
5251
4699
5777
5436
5297
4076
4880
4041
5811
4589
5444
5191
5647
4090
4773
4448
4575
5181
5742
5775
5391
5318
4807
5155
4209
4178
4418
4272
5564
4805
5325
5446
5920
4109
