5068
4158
5086
5353
4359
4428
5009
5480
4072
4619
4651
5227
4007
5416
5499
4510
4517
5283
5333
5452
4951
5177
4787
4523
5807
4207
5748
4128
4779
4574
4807
4734
5273
4666
5388
4599
4748
4368
5542
5125
5272
5700
4339
5152
4045
4307
5588
4945
5919
4433
5970
4968
4290
4817
4191
5227
5456
4624
4615
4661
4878
4141
5587
5497
4675
4121
5169
4498
4769
5452
5188
4123
4935
5076
5184
4207
5758
4840
4847
5405
5288
5721
5321
5595
5220
4093
4413
5422
4423
5505
5561
5761
5943
5742
5294
5764
4912
4550
4083
4332
5371
5368
5290
5703
4653
4130
4036
4638
5011
5781
4075
4613
5387
4169
5296
5258
5348
5351
4205
4392
5597
5215
5632
5065
4383
