5228
4352
5752
4953
4546
4375
4688
5270
5039
4133
4154
5970
5319
4493
5309
5189
4274
4314
5052
5885
4670
4138
5120
4095
4938
5102
5762
5156
5423
4604
5973
5598
4716
4951
4731
5467
5374
4709
4765
4235
4634
4736
4475
5194
4732
5140
4066
5628
4982
4555
5557
5148
4982
5299
5363
4041
5957
4872
4040
5364
5417
5402
4647
4010
5429
5719
5240
4004
4971
4431
4776
4776
5990
4427
4994
4344
4172
5080
4420
4463
5083
5918
5540
4013
4410
5602
5111
5114
4104
4490
5772
4606
5147
5505
5544
4861
4746
5057
5648
4699
5872
5835
5369
5860
4484
5645
5874
5549
5289
4874
4082
4743
5613
4873
4328
5774
4172
5899
5322
5037
5181
5462
4071
4654
4637
