5973
5058
5690
4014
4409
4185
4427
4731
5264
4638
4922
5490
4049
4208
4554
4453
4953
5658
4455
5498
4343
5075
4681
5066
4468
5539
4063
4795
4890
4018
4485
4810
4308
5944
5093
4383
4879
5265
4350
5530
5805
5589
5866
4896
4759
4674
5952
5073
4429
5866
5446
4806
5331
5851
5242
4452
5136
5145
4445
4087
4584
4255
4675
5097
5399
4942
4717
4574
5722
4130
4914
5381
5809
5619
5501
4224
4724
5859
4664
5804
5375
5481
5091
5653
4038
5641
5904
5123
5057
5412
4584
4174
5856
5600
5804
5626
5395
5490
4390
4000
5880
4401
4105
5723
5799
4083
5793
5285
4850
4075
5546
4476
4734
4650
5063
5829
4685
4004
5669
5293
5117
4569
4530
4617
5142
