4997
4485
4957
4180
5295
4223
5289
5741
5689
5875
5693
4806
5947
4754
5330
4904
4760
5178
4665
4995
5648
5158
5102
4902
4609
4552
4068
5119
5275
5032
4818
5810
4956
4817
4843
5394
5743
5673
5432
5414
4187
4070
4479
4411
5765
5719
4412
4871
5088
5099
5552
5626
4910
4401
4258
4771
5805
4069
5528
5428
5640
4727
5744
5925
5839
4047
4255
5253
5868
4747
4100
5818
4933
4540
5686
5426
4724
4833
5214
4536
5230
5370
4259
4700
5271
5226
4357
4272
4762
4940
5765
4014
5941
4609
5656
5260
5435
5854
5555
4999
5710
4787
4619
4884
4168
5746
5710
4679
4230
5141
4240
5243
5591
4954
5036
4581
4398
5116
4064
5825
4776
4537
5301
4930
5687
