4708
5142
4117
5660
4631
4618
5118
5994
5580
5025
4512
4615
4851
5392
4401
4427
4006
5171
5776
4021
5326
5250
5958
4972
4283
5102
5715
5776
4449
5759
4220
5330
5539
4229
5471
5165
4723
5812
4693
4744
4664
4561
4971
5254
4267
5744
4211
4328
4333
4379
4447
5427
4036
5288
4648
5775
4742
4609
4684
5419
4892
5972
4155
4276
5186
4635
5449
5941
4362
4502
5383
5872
5983
4867
4306
5792
5698
5903
4317
4154
5282
5084
4312
4795
5594
5423
5690
4470
4659
4707
4871
5782
5481
4808
4007
4120
4089
4748
5332
4504
4685
4482
4130
4198
5990
4824
4124
5937
5518
4722
5674
4986
4395
5392
4049
5080
5010
5013
4489
5760
4023
5432
5514
4025
5631
