5098
5428
5043
4437
5572
5354
5063
4042
5671
5043
5122
4161
5041
4175
4215
5435
4189
4696
5622
5355
4253
4710
5763
4627
5660
4913
4212
5319
4639
5578
4893
4276
5134
5698
5452
5554
4879
5499
5409
4300
5554
5028
5151
4149
5684
5773
4459
5331
4216
5672
4747
4084
5777
4233
4478
4248
5011
5808
5682
5557
4557
5786
5985
5156
4691
5987
4078
5776
5477
5334
4776
4016
5840
5636
5250
4983
4609
4445
5041
5175
5261
5500
5515
5457
4764
5939
4515
4148
5995
4291
4512
5813
4017
4321
4945
5744
5025
4318
5852
4753
5001
5637
5471
4270
5175
5811
5690
4988
5255
5920
4510
4900
4521
5588
5332
4123
5142
4959
5402
5815
5407
5062
4683
5624
5161
