5437
5729
5483
4924
4118
4798
5076
5452
5603
4101
5898
5706
5943
5661
5178
4842
4746
5805
4158
5607
5800
4712
4795
5048
4076
5004
4315
5337
4838
5651
4789
4122
4152
5277
5551
4497
4520
5035
4838
5111
4279
5193
5678
5736
4510
5759
4805
4493
4164
5761
5965
5315
5308
5277
4877
5706
4653
5836
5587
5146
4448
5737
5538
5016
5685
5670
4939
4986
5082
5255
5063
5282
4262
5912
4489
5690
4990
4264
5298
4397
5184
4770
4900
5794
4696
4402
4409
4024
4768
5667
5238
5115
5919
5928
4764
5711
5188
4933
5763
5732
5345
4629
5493
5572
4545
4376
4905
4199
5719
5052
4966
4750
4313
5766
4797
4205
5227
5467
5629
5570
4265
4909
5618
4411
5027
