5370
4694
5926
5966
5502
5918
4032
5165
4430
5449
5938
5331
5065
4825
4791
4883
5878
4578
5456
5254
5451
5033
4127
4211
4310
4126
5431
4472
5389
5828
5360
5660
5190
4374
5910
5003
5708
4558
4251
5288
4711
5043
4112
4447
4831
4135
5877
4825
4182
5647
4651
4121
5357
5277
4576
4369
5595
4257
5906
4895
5412
4437
4596
5308
5620
4024
4151
5095
4281
4959
4382
5771
4749
4858
5176
5601
5841
4399
4429
5631
4984
4346
4976
4525
4456
5073
5068
4681
5940
5700
4513
4053
5906
5231
4989
4151
5024
4908
5011
4582
5042
4550
5248
5483
5992
4019
5049
5556
4242
4291
4558
4863
5495
5818
4434
4332
4427
5471
5032
4288
4691
4563
5366
4901
5488
