4143
5098
4370
4436
4788
5770
5674
5322
4763
5639
4173
4247
4602
4811
5597
4208
4115
4756
4218
4387
4966
5706
4565
5641
4608
4241
5100
5654
5667
4517
4407
4019
5468
5359
4848
4352
4989
4074
5674
4930
4493
5351
4386
4080
4335
5025
4358
5579
5794
5953
4294
5499
5863
5257
5850
5089
5867
4820
5977
5888
4106
4798
4229
5740
5556
4603
4981
4900
4568
4974
5822
4748
4268
4202
4887
4957
5494
5185
4929
4177
4257
4977
5512
5605
5734
4836
4471
5775
4061
5685
5905
4290
5348
5079
5383
4846
4525
4116
5875
5323
4773
4721
5748
5143
4730
5835
4308
4541
5118
4548
4181
4145
5464
4461
5714
5028
4894
5025
5660
4282
5589
4570
4930
4660
5525
