5276
4484
5906
5013
5016
4184
4161
4323
4230
5232
4609
5304
5880
4718
5784
5950
4641
5035
4724
5907
4525
5561
4448
5353
5876
4946
5944
5724
4152
4416
5497
5951
4845
4514
4830
5004
5322
5808
4601
5879
5125
4118
5203
4501
5427
5243
5562
5967
5362
5758
5294
4886
5624
4365
5129
4820
4643
5669
5927
5170
5417
4966
5091
5998
5885
5697
4120
4980
5357
5285
5414
4749
5164
4952
5627
5439
5091
5942
5801
4737
4915
5503
4210
5838
5378
5425
5876
4918
4644
5685
4965
5870
5512
5108
4900
4362
5986
4876
5417
5217
5624
4089
5748
4793
4784
4153
4779
4020
4542
4364
4146
4459
5673
5450
4853
5711
5810
4071
5890
4327
5213
5402
4308
5292
4565
