5715
5874
4397
5810
5994
5555
4007
5705
4683
5698
5291
5515
4692
5749
5794
4573
5611
5783
5817
4443
4930
4887
5969
5789
5482
5385
4776
5542
5491
4050
4277
4467
4453
4069
5205
4824
5841
4813
5452
4644
5314
4447
5677
4497
4654
4625
4402
4576
5741
4609
5905
4767
4514
4116
5408
4346
5750
4788
5872
4158
5728
5391
5257
4589
4579
5100
4377
4806
4068
5960
5544
4956
5829
4702
5943
5425
5249
5335
4212
4580
4446
5012
5472
5255
5439
4937
5041
4715
5950
4567
5372
4497
4270
5612
4372
5289
4456
4940
4529
4793
5013
4709
4309
4089
5788
5520
5693
5117
5266
4049
5149
5764
5683
5370
4805
5619
5657
5044
5336
5196
5097
4259
5672
5236
5872
