5888
4279
5743
4615
4451
5740
5020
5579
5474
5684
5021
4099
4573
5095
4396
4685
4422
5129
5953
5270
4915
5737
4530
4481
5115
5803
5976
5840
5949
4190
4940
4109
4240
5962
4406
5164
5447
4381
5189
5688
4291
4439
4956
5352
4327
5744
4692
5151
4633
4863
4274
4025
5730
4888
4277
5767
5005
4417
4161
5109
5118
5258
4922
4351
5804
4239
4515
5585
5733
5888
4861
5296
4015
5016
5923
4407
5877
5751
5312
4596
5736
5824
5109
4105
4456
4042
4173
4776
4861
4881
4392
4050
4784
5953
5587
4456
5393
5347
4106
5453
5629
5386
4585
5764
5892
4362
4365
4257
5233
4436
4664
4602
5533
4976
4663
5336
4374
5988
5831
4387
5057
5654
4084
4162
4253
