4999
5749
5145
5060
5591
4735
4156
4141
4551
5889
4695
5255
4581
5129
4952
4440
4589
4631
5261
4650
4874
5086
4187
4318
5040
5149
5391
4652
5189
4656
5917
5356
4839
5258
5098
4047
5366
4141
5111
4555
4745
4505
4653
5213
4791
5771
5919
4292
5045
5843
4559
5714
5939
4997
5346
4609
5945
4323
4647
5141
4034
4216
4631
4437
5792
5369
4319
5246
5451
4924
5436
4851
5823
4690
4545
5852
4237
4591
5860
4182
5189
5355
4932
5041
5979
5110
4551
5855
4097
4101
4428
5515
4676
5637
4404
5205
4566
4720
5147
5602
5134
4511
4483
4394
4148
5695
4259
4376
5721
5474
4861
4531
5876
4122
5233
4250
4636
5823
4875
5940
5057
4683
4341
4383
4427
