4022
4357
4486
5248
4573
4144
5317
5366
5547
5186
5591
4856
5728
4885
5344
5588
5328
4834
5981
4669
4870
4192
4112
5249
5727
5346
4273
4153
5872
4720
4462
4483
4144
5268
5091
5279
5721
5015
5976
4127
4539
5434
4349
4202
5122
5242
5621
5263
4224
5865
4803
5794
4124
4284
4174
4959
5742
4873
5606
4738
5245
5230
4885
5641
4063
4819
5638
4247
5428
5886
4778
5363
4246
5294
5764
4912
5634
4207
5127
4296
4824
4566
5039
5677
4820
4724
4664
5187
5661
4152
4579
5708
5799
5887
5222
5420
5265
4651
4519
5883
4316
5538
5739
4708
4270
4547
5025
5481
4837
5099
5659
4135
4181
5888
5547
5329
5162
4789
4680
4643
5587
5751
4289
4541
5206
