4707
5507
4239
4045
4222
5985
5079
5380
5469
4677
5645
4194
5769
5141
4269
5458
5237
5267
5530
4071
4202
4965
4339
4271
4026
5473
4487
5451
5851
5307
5072
5320
5403
5855
5470
4301
5412
5947
5404
4166
4481
5410
4166
5243
4699
5537
4992
4404
4742
4428
4389
4268
5015
4205
5615
5569
4705
5607
4493
5574
5172
5199
5928
4563
5738
5470
5577
5032
5314
4562
4551
5602
5734
4586
4676
5173
5809
5481
5159
5947
5753
5980
5150
5036
4795
4067
5126
5593
5696
5162
5141
5663
5713
4256
5640
4397
5653
5964
4761
5105
5877
5029
4872
4403
4695
5721
4454
5630
5097
4246
4700
5051
4260
5921
5259
4885
4004
5615
4791
4201
5830
4001
5649
5189
5531
