5437
5544
4792
4176
4770
4394
4380
4983
5479
4654
4003
4520
5135
5263
5025
5494
4082
5813
5536
5816
4380
4246
5062
5429
4409
5800
4486
5548
5391
5148
5777
5602
4007
5941
5123
4578
4433
4215
4499
4332
5877
4682
5014
5650
4210
5084
4563
5018
5342
5951
5406
5749
4904
4816
5901
4692
5503
5896
4976
4306
4044
4622
5204
5213
4195
4595
4282
5392
4400
4275
4867
4996
4929
4387
5021
5217
5089
5853
5678
4970
5924
4757
5108
5958
4849
5406
4935
4098
5467
5975
4369
5255
4496
4284
4405
5704
4042
4872
4590
5216
4237
4610
5862
5703
4361
4396
4675
5783
5406
4979
4754
5061
5264
4400
4428
5633
5027
4320
4364
4393
5340
4361
4405
5900
5116
