5147
5689
5223
5019
5851
5548
5013
5870
5113
5101
5438
4504
4307
4187
5264
5048
4234
5312
4410
4881
4543
4013
5752
5715
5393
5223
4176
5684
4575
5758
4323
5468
5981
4868
5798
5599
5963
4743
5539
4432
5654
5119
4213
5679
5221
4616
5688
5092
5607
4008
5688
5945
5437
5570
5653
4849
5963
5264
5480
5656
5537
4171
4362
4682
4488
5542
5845
5267
5013
5128
5730
5524
4861
4193
5685
5590
4072
5456
5220
4441
5362
5923
5498
5322
5692
4864
4392
5574
5755
4188
4398
4856
4836
5033
4818
5585
4574
5043
5996
4854
4454
4781
5470
4835
4456
5570
5060
5747
5245
4849
4535
5034
5350
5165
4660
4647
5865
4501
5214
4934
4082
4543
4305
5555
5711
