4953
5035
4065
5949
5576
4434
5678
5320
4526
4837
5829
5741
4963
5274
5778
5661
5339
5899
4600
4726
4114
5462
5748
4532
5577
4281
4939
5338
4179
4539
5038
4320
5607
5934
5401
4650
5628
5306
5515
5492
5346
4275
4871
4789
5853
5745
5190
4743
4097
4463
5668
5870
5049
5525
4864
5439
5028
5018
5044
5654
5543
5720
4082
4442
4170
4824
5576
5435
5475
5336
5646
5152
4949
4025
5002
4348
5210
4922
4517
5913
5975
5672
4759
4247
5202
5894
5490
5974
4132
5195
5743
4817
4956
5162
4634
4625
4172
4303
4333
5831
4020
5116
4909
5135
5100
4128
5068
5137
5641
5905
4859
4391
5237
5367
4042
4378
5595
4298
5869
4045
5277
5852
4058
4935
4030
