5756
4494
4988
4624
5177
4905
5788
4605
4551
4263
4572
5799
4586
5287
4614
4808
5554
4123
4982
5100
5118
5040
4393
5867
5253
5827
4458
4340
4931
4916
4738
4332
4401
4830
5714
4494
4661
4983
5756
5058
5841
5386
5998
5668
5003
5365
5901
4591
4094
4022
5287
5842
5513
5940
5493
5712
4547
5819
4094
5887
4771
4942
4198
4117
5141
5928
5271
5761
4032
4451
4854
5680
5665
5148
4530
5893
4515
5450
4998
5958
4083
5206
5873
4905
5554
5766
4420
5317
4546
5048
4149
4148
4600
5800
4821
4102
4053
5711
4840
5104
5375
4944
5283
4721
4146
5334
4938
5841
5914
4164
5503
4131
5772
4129
4208
4809
5654
4326
5778
4665
4539
5182
4575
5801
5837
