4779
5202
5646
5819
5353
4174
5371
4924
5252
5812
4800
5208
5519
4584
5566
5469
5954
5445
5182
5221
4452
4604
4714
5717
4300
4302
4380
5094
5948
4492
4835
4866
4324
4350
5193
5606
5948
5114
4438
5139
4860
5622
4770
4617
5419
5082
4310
4670
5296
4569
4605
4038
5151
4834
4497
5661
4567
4450
5445
4463
5081
4206
5116
4017
4973
4487
5339
4534
4211
5981
5505
4965
4933
4482
5270
4004
5280
5540
5364
4964
4032
4105
5010
4688
4046
4218
4225
4780
4135
4653
5816
5706
4826
5640
4576
4773
5060
5712
5664
4241
5364
4592
5062
5064
5954
4242
5094
4956
5328
4783
4748
5981
4134
4298
5502
4977
5419
4013
4154
5936
4711
4146
4392
5349
4686
