5505
5887
4572
4920
4900
5969
4062
4394
5303
5952
5242
4422
4445
5540
4858
5411
4602
4555
4279
4050
5747
4388
4835
4183
4452
4785
4960
5509
5475
5630
4448
4944
5582
5623
4840
5883
4013
4037
4909
4718
4465
4424
5480
5747
4708
4669
5138
4908
5646
4768
4935
5543
4401
4933
5657
5961
4417
5325
4839
4558
4667
5872
5036
4635
4381
4009
4141
5110
5087
5843
5198
5566
4183
5536
4921
5218
4611
5679
4862
5322
4978
5862
4067
4487
4012
4911
5747
5773
5930
4984
4491
5549
5341
4029
4585
5926
4409
5382
4003
4551
4247
4579
4126
5015
5813
5288
4044
4168
5047
5809
4956
4042
5432
5171
4230
4471
5685
4306
4782
5148
4168
5082
4386
4689
4330
