4423
4655
4369
4434
4058
5772
4613
4577
4002
5110
4019
4247
4859
5306
5765
4752
4892
4613
5497
5938
4774
5264
5131
5006
5885
4027
5713
4565
4241
4790
4014
5188
4150
5076
5673
5282
5062
4545
4730
5510
5157
5987
4458
4014
5873
5659
4041
5537
5621
4116
5765
5547
5707
5428
5164
5395
4938
5883
5232
4278
4992
5334
5701
4616
5539
4876
4943
4695
5273
5497
5463
4488
5038
5584
5056
4009
5606
4509
4298
5498
4920
5389
4427
5267
5612
4309
5609
5071
4277
5018
5509
5721
4480
4964
5862
4114
4205
5152
5027
4187
5242
5952
4814
4395
4926
4933
5338
4833
4170
5274
4180
4464
4796
5414
4848
5295
4271
5549
5759
5331
5470
4380
4526
5812
5010
