5688
5270
5752
4820
4286
4189
4049
4087
5871
4968
5438
4286
4862
4277
4079
4558
4561
4790
5417
4756
5694
4755
4188
5424
5204
4099
5436
4942
5078
5276
5451
4783
4331
5668
5890
5482
5044
4142
4205
5618
4002
5526
4230
4790
4402
4338
5315
5969
5456
4853
5336
4622
4055
4554
4363
5436
4675
4367
4861
4724
4013
5689
4619
5244
5500
5887
4496
4299
5131
4529
5858
5839
4079
5728
5686
5743
5104
4251
4452
4626
5337
4276
5577
4279
5435
5969
5004
4823
4301
4359
4758
4515
5536
4862
5970
4350
4180
4692
4868
5320
5159
4242
5763
5027
4238
5153
4527
4644
5461
4395
5919
5168
4760
5283
5621
5253
5834
5576
4439
4720
4216
5978
5446
4979
4618
