4324
5086
5421
5011
5498
4786
4738
5578
5029
5233
5288
4944
4230
4906
5447
5530
4232
4436
4690
5953
4533
5089
4999
5107
4661
4132
4280
4660
4999
5065
4033
5453
5097
5927
4639
5849
5192
4906
4140
5526
5287
5732
4366
4340
4392
5006
5811
5603
5261
5312
4434
4964
5656
5387
4668
4565
4823
4083
4040
4313
5138
5282
4055
5652
4853
4582
5572
5783
5611
4925
5263
4080
4484
5321
4485
5843
4910
4913
5418
5928
5621
4035
5477
4141
4338
5649
5047
5644
4794
5666
5810
5927
4405
4202
4327
4546
4182
5137
5410
5076
4033
5616
5203
5715
4593
4346
5995
5592
4844
4240
4770
4056
4410
5658
5767
5919
5975
4278
4510
4686
5208
5599
4931
5546
4457
