5406
5956
5506
4359
5830
5766
5293
4322
5351
5988
5001
5107
4194
5669
4923
4581
4583
4133
4926
4308
4235
4429
4576
5968
5393
4330
5841
4297
5460
4867
4679
5868
4379
4411
4643
4247
4511
4265
4073
5791
5745
4178
5816
4011
4392
5908
4480
4590
4032
4553
5985
5302
4519
4751
4358
4529
5880
4509
4702
5423
5153
4747
5269
4073
5126
5497
4490
5413
4146
5574
4944
5744
4699
5369
5593
4333
5049
5268
4780
4017
5845
5091
5462
5243
5727
4875
4512
4342
4219
4415
5332
5861
5593
4642
4193
5008
5783
5756
5828
5895
4645
4259
5359
4854
5898
5496
4943
5507
4347
4615
5453
4111
4126
4360
5623
5966
4738
4375
5282
4732
5913
5672
4821
4032
5213
