4443
5695
4102
5763
5129
5281
4383
4320
4407
4658
5124
4297
5195
5232
4135
5655
5306
5196
4334
5549
4113
4467
4756
4526
5969
4212
5568
5158
5088
4530
4850
5437
4282
5550
5016
4777
4062
4848
4218
5142
4462
5932
5594
4190
5614
5262
4469
5754
5823
5411
5923
5571
5201
4492
5599
4287
4638
5989
4462
5264
5431
5850
5176
5281
5091
5927
4654
5786
4307
5646
5232
4179
5532
4602
5788
5981
5784
4253
5773
4244
5063
4037
5651
4024
4695
4796
5700
5720
5315
4925
4251
5891
4004
5144
4424
4885
5657
5382
4743
5541
4794
4210
5916
4690
4978
4203
4984
5715
4483
4017
5167
4599
5104
4245
4617
4885
4916
5214
5605
4362
4664
4265
4831
5933
5849
