4046
5501
5175
5529
4280
4899
4963
4148
4355
5729
4669
4948
5619
5766
4172
4589
4973
4977
4632
5433
5712
4094
5006
5168
5166
4054
5507
4949
5809
5326
5590
5150
5359
4406
5146
4645
5453
4791
4773
4247
5310
5647
4456
4016
4465
5927
5887
4191
4108
4807
5499
4238
5191
4983
4081
5215
4738
4478
5298
4572
5475
5664
4792
5309
5701
5876
5952
5343
5373
5121
5995
5841
4629
4760
4499
5603
5537
5912
5610
4149
4368
5210
5586
5346
4723
5361
4999
4384
4043
4611
4983
4047
4341
4901
4116
5608
4540
4271
4158
5018
5199
5650
5535
4852
5393
5728
5441
5964
4895
5751
5274
4641
4375
4192
4868
5523
4995
4873
4410
4424
4375
5772
5922
5133
5644
