5811
4434
5630
5957
5621
5026
5678
5579
4407
4257
5137
5255
5981
5440
4123
5887
4071
5768
4749
5626
4183
5634
4446
5232
4315
5363
4639
4260
4526
4077
5833
4811
4691
4805
4477
5254
4864
5918
5895
4161
4329
5566
5439
5222
5090
4767
4563
5336
4994
5487
5983
5952
5989
4949
4186
4147
4291
4986
4548
4998
5493
4877
4356
5565
4108
4291
4116
4124
5625
5309
5036
5569
5274
4399
5635
5565
4013
4617
4115
5118
5421
5175
5893
4700
5835
5111
5971
5466
5830
5616
5814
5820
4275
4920
4471
4422
4534
5445
4684
5235
5049
4961
4206
5290
4148
5153
4723
4990
4157
5600
4838
5625
4844
4742
5807
5846
5519
4767
4479
4562
4105
5715
4825
4261
4597
