4784
4163
4009
4626
5166
5807
4411
4022
4968
4868
5258
5091
5798
5494
4882
5137
4448
5657
5518
5556
5775
5870
5893
4230
5548
4671
4387
4204
4826
5960
5582
5748
4373
5064
5790
5713
4663
4029
4819
4261
4391
5125
5872
5479
5173
5706
5566
4859
4789
4585
4753
5249
4206
5931
5742
4801
5135
4205
5592
4466
5821
4048
4560
4595
5547
4142
5221
5213
5556
4397
5511
4702
5626
4450
5265
5870
4914
5447
4781
4928
4958
5902
4856
4631
5641
5731
4047
5998
4230
5800
5064
4558
5033
5429
5040
4810
5922
4596
5583
5732
5658
5603
5100
5523
5361
4469
4088
4694
5218
4577
5273
4790
4726
5412
4672
4095
5201
5013
5371
4817
5554
5036
5346
4228
4989
