5168
5500
4630
5919
4504
4948
4630
5690
5384
5009
5084
4952
5347
5571
4499
4652
4897
5207
4524
4111
5394
5507
5423
5720
4892
5565
5988
5253
4171
4756
5323
5928
4193
5448
5154
4307
4429
5171
5849
5987
4467
5403
4348
5619
4464
4214
5671
5347
5499
4687
4988
4943
5111
5093
4994
4754
4791
5576
4268
5324
5928
4329
5462
5957
4270
4199
4649
5554
5264
4986
4439
5931
5372
5533
5035
5757
4519
5004
5193
4602
4498
5746
4509
4850
4540
5107
4762
4109
5533
4309
4567
4956
5018
4849
4494
5369
4052
4876
4453
5843
5586
4115
5064
4540
4010
4168
5231
4236
4486
5280
5650
5659
4080
5130
5386
5169
4028
5336
5245
4326
5793
5345
4214
4418
4297
