4213
4854
4137
5285
4188
5493
5601
5952
4673
4430
5483
4067
4784
4279
5757
5267
4985
4809
4988
4856
5587
4730
4410
4923
4250
5351
5502
5704
4354
4026
4386
5636
5528
5949
5629
4824
5135
5195
4727
5433
5991
4274
5480
5095
4085
4926
4264
4267
5938
4268
4173
5756
4794
5775
5541
4439
4447
4150
5120
5850
4851
5528
5556
4578
4438
4617
4771
5361
4692
5880
4608
5500
4499
5272
4476
4685
4382
4464
5488
4781
5060
5448
5684
5538
4925
4278
4476
5651
5096
4328
4820
4302
5259
5765
5635
5187
4785
5172
4391
5670
5410
5561
5055
5638
4683
4915
5121
5158
5255
4922
4988
5243
4905
5453
5629
4777
5656
4721
4546
5155
5174
5148
5438
4594
4771
