4908
5153
5099
4223
4537
4998
5616
4930
5656
5273
4789
4008
4794
5156
4794
4839
4955
4743
5808
4032
4458
4589
5179
5518
4687
5769
4556
5533
5795
4551
5831
5173
5049
5448
4393
4123
4372
5019
5027
4970
4748
5323
4691
5457
4230
5312
4715
4830
5846
4138
4376
5451
5489
5748
4360
5603
5096
5857
4256
4962
5333
5993
4669
4530
4630
5213
5028
5824
5335
5579
4398
4551
5875
4023
5270
4960
4160
5527
4432
4560
5170
4691
5393
5553
5957
5855
5993
5461
4060
4825
4426
4184
4392
4279
5595
5162
4391
4964
4309
4187
4583
5170
5767
4004
5956
4322
5826
4766
4686
4924
5515
5960
4481
5021
4289
4371
4901
5715
4528
4331
4764
4589
4887
4895
4631
