5622
5024
5828
4998
4283
4150
4917
5599
4376
4650
5272
4236
5215
4599
4451
4757
4509
5045
4107
5356
5201
4679
5478
5698
4745
5166
5277
4420
4603
5870
5188
5660
5506
5649
5817
5859
5459
5067
4165
5379
5152
5786
4302
5774
4286
5679
5690
5288
4824
4670
5050
5484
5943
4909
5580
5457
4592
4923
4992
4750
5745
4361
4841
5467
4674
4556
5026
5347
5760
4334
5945
4995
4672
5917
4648
5862
5072
4443
5731
4252
4506
5897
5771
4634
4483
5886
4910
5230
5968
4956
5817
4210
5771
4266
5881
5377
4038
4809
4695
4700
4171
5883
4990
4939
4220
4741
5617
5392
4407
5850
5639
4556
5854
4736
5424
5011
4837
4682
4778
5670
4908
4477
4230
4948
5418
