5868
4840
5371
4408
4942
5645
4506
4441
5688
5561
5710
4057
4981
4852
5136
4878
5102
5374
5220
5171
4776
5502
5523
4664
5897
4848
4930
5076
5099
4116
5588
4164
5374
4899
4542
5066
4270
5878
4395
5274
4482
4333
5432
5818
4688
4630
4064
4229
5900
5086
5181
5866
5678
5947
4278
4629
5025
5078
4034
5971
5954
4963
4287
5271
5110
4356
4468
4607
5795
5926
4815
5744
4883
5975
4791
4951
4728
5070
5177
5692
5761
4436
5628
4299
5604
5761
5818
5826
4265
4966
4127
4302
4765
5663
4804
5563
4578
5576
5111
5152
4208
4833
4365
5369
4712
5840
5988
4559
4535
4198
4459
4843
5845
4304
4592
4578
4559
4521
5913
5655
4237
5135
4537
4342
5901
