4783
5279
4507
4329
5033
5833
4752
5291
5291
4288
4582
4598
4494
5861
5881
4217
5257
4039
4842
5903
5906
5502
4043
5517
4595
4672
5937
4530
4153
4846
4625
4457
4388
5903
5943
4608
4544
4884
5920
5084
4717
4490
5088
4652
4967
4351
4223
5221
5765
5956
5777
5449
5331
4810
4565
4870
4223
4527
5384
5224
4432
5122
4139
4032
5554
5426
4061
5191
5750
5381
4624
5237
4990
5551
5635
4208
4462
4946
4663
5377
4926
4941
4324
4971
4802
4857
4333
5017
5662
4115
4597
5397
5047
4241
5273
5643
5132
4418
5840
5865
5251
5410
5693
5994
5188
4044
4221
5384
4548
4349
4934
5942
5840
5142
5216
5219
5949
5472
4322
4168
5132
4374
4649
4029
4576
