4580
4123
4464
5068
4220
4070
5588
5935
4250
4729
5500
5162
4968
4776
4474
5756
4571
4562
5350
5114
4332
5978
5657
4115
5819
5865
4666
5694
5315
4144
4689
4445
5626
5166
4393
4165
5741
5175
4661
4661
5310
4942
5852
4291
4038
4989
4788
4153
5522
5478
5052
5858
4566
4302
5291
5388
4724
5279
5986
4247
5206
4460
5366
4210
4582
4410
5324
4463
4549
5056
5966
4089
5070
4966
4220
4973
4019
4871
4223
4804
4039
4923
5197
4133
5417
4539
4383
4713
4858
5017
4381
5715
5026
5989
5937
4926
4904
4978
4442
4118
5908
4769
4725
5051
5445
4243
5779
5079
5076
4504
4957
4199
5972
4101
4145
5183
5509
5298
5995
4320
5544
4259
4433
4386
5585
