5145
5711
5714
4164
4783
4796
5742
4071
4360
4147
5749
4662
4266
5211
4359
4944
5309
4183
4807
4621
5203
5749
5557
5350
5299
5838
5679
4178
4268
5835
5528
5881
5628
5710
5521
4822
4102
4037
4728
4944
5885
5576
5097
4474
4416
4468
4133
5268
5464
4599
4299
4926
4456
5238
5863
4598
5328
5501
4822
4794
4462
5033
5843
5125
5821
5273
4748
5569
4792
5343
5071
4726
4785
4291
4246
4412
4594
4637
4572
4846
4418
5293
5635
5334
5109
4661
4409
4607
4380
5215
5365
4115
4213
5460
4191
4940
4601
4324
4972
4637
5537
5209
4070
4697
4426
5797
5073
4949
4224
4119
5598
4021
5382
4347
5150
5826
4219
5314
5417
5872
4255
4989
4970
4777
4690
