4326
4233
4023
4422
4596
4740
5996
5282
5033
4993
5807
4075
4057
4724
5100
5837
4717
5602
5965
5348
4148
5739
5509
5577
5731
4880
5502
5902
4945
5162
4551
4737
5929
4340
5834
5823
5731
4549
5078
5008
4376
5506
5857
4955
4752
5271
5989
4955
5373
5703
4113
5491
5570
5683
5050
4160
5081
4697
5500
4553
4788
4818
5335
5981
4537
4212
4759
5443
5059
5388
4924
4693
4227
5889
5404
4127
4305
5233
5860
4766
5044
5530
4017
4094
4044
5652
4542
5353
5234
4962
5921
4945
4570
4726
5367
4902
5151
4141
4896
4146
5619
4988
5877
4021
4388
4146
4465
4543
5306
5600
5114
4253
4403
5871
5077
5867
5648
5045
4852
4624
4464
4008
4264
4675
5353
