5635
5828
4607
5253
4918
5219
5928
5413
4587
5700
4244
4476
4044
5575
5134
4328
4050
4227
4571
4462
4040
4047
4499
5646
4621
5834
4697
5665
5700
5849
4144
5850
4994
5470
4775
5245
4625
4655
4694
5799
5277
5413
5008
5177
5908
5115
4191
4784
5261
5845
4808
5262
4776
5868
5979
4278
5242
5951
5156
5854
4797
5999
4689
4009
4677
5628
5384
5829
4235
4705
5286
4281
5497
4119
4684
5659
5280
5340
4485
4186
5888
5703
4589
5220
5943
5760
5528
5583
5697
4680
5132
5328
4308
5522
4314
4587
5885
4488
5826
4491
4718
4735
5963
4836
5672
4267
4841
4831
4392
4213
4343
5491
5203
4383
5849
4818
5115
5507
5905
4183
4451
4569
5590
5395
5482
