4338
4295
5150
5014
5164
5396
5916
4428
5233
5397
5567
4279
4736
5870
5957
4642
5038
5407
4214
5222
5791
4478
4528
5501
4909
5561
5347
5403
4330
4770
5842
5071
5579
5701
5118
5332
4635
4153
4417
4819
5845
5911
4980
5392
4339
4114
5532
5316
5519
4337
5722
5092
5161
5410
4520
5306
5435
5113
4915
5807
5196
5353
5219
5679
4827
5625
4550
4633
4789
5663
4608
5524
5203
4256
4757
5150
5112
4587
5290
5544
4909
5571
5726
5053
5992
5548
5491
4293
5767
4641
4302
4494
4403
5768
5686
4457
4144
4863
5958
5171
5850
4781
4527
4214
5196
5841
5478
5333
4249
4583
5292
4896
4284
5719
4499
4242
4340
5823
5008
5787
5863
4369
5811
5478
5537
