5615
4648
5207
5576
4786
4576
4613
4481
4459
4890
5104
5670
5541
4980
4532
5026
4898
4319
4102
4034
4134
4782
4832
4726
4087
5725
5802
4389
4353
4795
5346
4929
5712
4776
4128
4979
4154
4093
5723
4498
4117
4349
4812
5746
4831
4844
4581
4263
4052
4998
4925
4020
5867
5898
5959
4217
5452
5572
4051
5757
5276
5823
4331
5960
4319
5587
4424
5856
4997
4662
5862
4805
5753
5168
4079
4695
5580
5637
4921
4265
5698
5067
4909
5576
5238
4012
4585
4802
5083
4958
4175
4739
5758
4879
4853
5460
5319
4011
5541
5329
5647
4755
5230
5770
5206
5571
4480
5653
5621
5437
5978
4026
4171
4828
5591
4780
4731
5389
5025
5801
4702
4397
5323
4340
4464
