5666
4416
4578
4109
5673
5414
4440
4963
5117
4587
5792
5985
5717
4117
4226
4485
5948
4259
5425
5626
5877
4852
5092
4070
5706
5822
5280
5767
5882
4921
5231
5264
4623
5851
4703
4519
4411
5410
4338
4739
5889
4120
5427
5121
4678
4118
4815
5707
5680
5881
4836
5138
5916
5464
4577
5338
5335
4739
4751
4420
5986
5512
5591
4055
4257
4915
4734
5284
5198
5702
5683
4306
5959
4528
5331
4910
4365
5251
4868
4379
5157
4240
4221
4446
5058
4965
4842
4781
5181
5979
5017
5493
4377
5679
4032
5903
4736
4305
4994
4299
4992
5497
4382
4538
5749
5686
5591
4046
5969
5425
4936
4268
5415
4352
4963
5711
5593
4167
5855
4051
5211
5131
4267
5361
4193
