5821
4750
5099
5672
4346
4750
4121
5435
4030
5728
4336
5524
5669
5636
4123
4166
5368
4431
5103
4759
4800
5018
5168
4475
4675
4098
4075
5441
4984
4725
5785
5544
5983
4825
5601
4459
5485
5740
5879
4225
4640
5648
4912
4615
5547
4125
4299
5657
5054
5523
4975
4642
4328
4790
5261
5131
4485
5471
5454
4563
4789
5273
4647
5352
5111
5172
5389
4352
4905
5664
5647
4028
4919
5390
5174
4906
4964
5912
4677
4021
5989
4630
4388
4592
4848
5134
4401
4214
4240
4409
4622
4558
4099
4679
4893
5063
5459
5408
5891
4973
4770
4801
5386
4171
4563
5935
5010
5056
5706
5361
5600
5961
5271
5320
5326
4489
5066
5460
4572
4493
5485
5173
5872
4447
5118
