5800
5265
5142
4108
4519
5792
4946
4506
4406
4894
5248
4778
5723
5869
5630
4453
4898
4874
4308
5150
4912
5108
4673
5416
4992
4989
4931
5757
4382
5920
5157
5994
4662
4794
5502
5002
4581
4117
5072
5839
5906
5539
5521
5444
5562
5452
4558
4059
5521
5965
5117
4838
4042
4186
4968
5063
5194
5764
4933
5905
4254
5395
4555
4377
5850
4156
5039
5280
4239
5993
5396
4832
4883
4305
5674
4270
4598
5808
4329
4405
5332
5089
4935
5001
4765
4537
4868
5067
5830
4212
4615
5656
4104
5792
5209
4805
4331
4515
5312
5052
4042
4503
5242
5477
4537
4325
5178
4520
5980
5896
4398
4400
5987
5962
5958
4962
5460
5819
5613
4171
4479
5037
5977
5977
4425
