4718
4642
5972
4713
4801
5925
4324
4821
4885
5335
4453
5627
5770
4699
5990
4922
4370
4161
4483
4796
5261
5005
5678
5556
4109
5786
4405
4816
5523
5354
5399
5050
5861
5860
4339
4472
5193
5179
5433
4095
4122
5083
4564
4109
4676
4329
4624
4592
4475
5293
4705
4559
5182
5493
4749
5697
5879
5663
5075
5219
4265
4287
4492
4772
4215
4989
4865
4023
4889
5246
4574
4185
4856
4421
4798
5550
4773
5693
5628
5342
5876
4561
4660
5147
5378
4895
5039
4548
4880
5451
4612
4028
5772
4609
5665
5406
5337
4451
5665
4111
4032
5500
4708
5495
5461
4147
5288
4299
4627
4914
5047
4514
5601
4750
5886
4212
5456
5829
4154
4353
5012
5997
5905
4882
5776
