4213
5340
4393
5010
4458
4209
5982
5683
5725
4802
5089
4699
5190
4099
5181
4990
4669
4798
5560
5318
4428
5534
4211
5228
4759
4595
4743
5504
5056
4727
4253
5257
4890
5179
5500
5489
4980
5244
5747
5377
4779
4891
5289
5834
4830
4586
5325
4305
4708
5258
5770
5305
4199
5595
4010
4227
5058
5102
4914
4219
4912
5765
5938
5240
4044
5579
4184
5413
4261
4470
5266
5839
4166
5913
5648
4555
5454
5084
5918
4894
5486
4851
4801
4127
5180
5780
5362
4408
5395
4470
4141
5346
5057
4144
4604
5776
5234
5580
4036
4867
4437
4078
4864
4775
4558
5890
4026
4873
4153
4306
5585
5341
5536
5292
5958
4169
4489
4762
4371
4343
5282
4375
4107
4228
5056
