5237
5003
5008
5098
5586
5611
5627
5558
5479
4490
4163
5597
4372
4435
4088
4070
5755
5385
5295
4025
4444
4581
4629
5750
4697
4000
5061
5810
5800
5312
5665
4635
5027
5525
4610
4880
5888
5003
5771
5728
5017
5373
5814
5958
4055
4198
5683
4577
5643
4811
5416
4215
5362
4657
4901
5471
5838
4474
4851
5123
5120
5510
4427
5427
5648
4175
5049
4601
4121
5211
4156
4365
4512
5952
4287
4079
4332
5722
4510
4509
5055
4724
4396
5818
5779
5480
5021
4764
5349
5917
5013
4558
5487
4637
4283
4713
5131
4339
4837
5296
4598
5797
5475
4527
5173
4126
5492
4826
4586
5652
5785
4412
5326
5824
5500
4165
5625
4379
5956
5533
5241
4586
5359
4840
4870
