5343
4818
5996
4459
5168
5152
5915
4566
5766
5181
4691
5474
5644
5106
5255
5035
5213
5148
5414
5717
4050
4987
5052
4236
5947
4347
5085
5627
5681
5923
4264
5145
4505
5516
5343
5379
5746
5981
5816
5828
5485
4502
5859
5950
5714
4601
4945
5329
5045
4558
5782
5203
5461
5405
4610
5267
4896
4208
4524
5110
5969
4524
4814
5762
4590
5166
5916
4989
4945
4057
5507
4356
5474
5134
4671
5619
4366
5350
4195
4912
5306
4831
4561
4763
5384
4441
4266
5353
4585
5779
5100
4813
5638
5963
5599
4928
5525
4102
5832
4220
5041
5080
4086
5716
5242
4417
4256
4409
4622
5536
5980
5561
5192
4424
5624
5616
5350
4432
4049
5843
4242
4556
5426
5418
5486
