4539
5050
4843
5783
5101
4419
5565
5846
5495
5261
5809
4868
4010
5976
5446
4462
4931
4607
4393
4967
4971
5765
5818
4263
5594
5603
4970
4446
5365
5392
5577
5212
4751
5270
5422
4511
5708
5022
4553
5363
4183
5091
5415
5755
4603
5460
5732
4675
5132
5741
5135
5593
4102
5413
5874
4847
5071
4724
4834
4202
5508
5983
4053
4566
5708
4473
4700
5660
4777
5883
5880
5600
4029
4781
4709
5720
4433
4901
4647
4714
4088
5784
4051
4271
5156
4613
4567
5006
4426
5657
5390
5973
5497
4608
4355
4233
4328
5980
4135
5410
4410
4945
5929
5597
4407
4965
4084
4433
5927
5257
5506
5405
4967
5621
4899
4598
4346
4884
4720
5747
5278
4192
4605
4646
4361
