5189
5796
4911
4059
5574
4269
4027
4761
5741
5313
5243
5622
5083
5184
4212
5277
4845
5398
4771
4624
4420
4818
4241
4682
4881
5485
4473
5783
4038
4449
4268
5120
5425
5874
4595
4702
5230
5406
4573
4991
4397
4026
5915
4394
5690
4418
5883
4380
5867
4282
5392
5838
4273
5330
5815
5059
4186
5143
5580
5061
5891
5619
5745
4283
4354
4205
4356
4017
5330
4096
4493
5965
5110
4412
4066
4239
5783
5223
5501
4657
4707
5783
5597
5854
4704
5108
4459
4886
5785
4729
5301
4428
5746
5283
4469
5355
5569
5703
4462
4717
4567
4904
5304
4290
5797
4913
5163
4288
5265
4009
5639
5852
4387
5956
5493
4900
4969
4608
5734
5103
5550
5505
4593
5229
4756
