5170
5209
4650
4671
4396
4927
4701
5685
4834
5923
5535
4369
4904
5648
5581
4532
5749
5034
4672
4071
5852
4938
4084
4568
4975
4484
5108
4305
5519
4532
4409
5972
4871
5688
4158
5562
4343
4188
5585
5716
5611
5764
5401
4229
5045
4476
5002
4425
5215
4179
4406
4177
4628
4214
5844
4917
5803
4983
4927
5730
5840
5311
5744
5515
4528
5762
5368
4551
4541
5194
5932
5865
4210
5555
5664
4051
5130
4112
4199
5421
4640
5415
5497
4649
5219
5804
5499
4839
4218
5074
5025
4724
4823
5108
5842
5898
4293
5709
5223
5535
4435
5338
5315
5539
5389
4737
4997
5070
4552
5535
4078
5921
4684
5126
5814
5381
5262
4325
4600
4850
4364
5483
5504
5367
4891
