4717
4919
5231
4008
5378
4398
4774
5711
5148
5861
5296
5787
5186
5536
5623
4487
5564
5794
4267
5458
5768
4208
5516
5277
4250
5609
4622
5210
5453
5267
5686
5046
4939
4088
4556
4470
4892
4716
5916
4254
4616
4780
4873
4908
5907
5385
4579
4692
5038
4119
4724
4212
4181
5540
4161
4937
5072
4180
4357
5573
4517
5517
5285
5687
5412
4522
4023
4709
4081
5153
5034
5658
5426
4180
4985
4582
5707
5971
4992
4956
4656
4024
4614
4018
5992
4636
5315
4270
4191
5785
5802
5325
4818
4682
5238
5122
5415
5828
4727
5307
4967
5958
5826
4351
4757
4668
4654
5977
5371
5949
5346
4465
4737
4616
4659
4915
4541
5978
4827
4746
4007
4099
4692
4731
5455
