5346
5852
5268
5189
4663
5311
4928
4978
5803
5090
4102
5689
4274
4023
5928
4410
5242
5957
4824
4910
4762
5309
4480
5433
5022
4863
5530
5535
5005
4684
4393
4623
5163
4971
4736
5203
5665
5672
4729
5441
5480
4923
5039
4212
4398
5149
4734
5590
4377
4093
5525
5939
4397
5777
4089
4124
5378
5954
4753
4624
4493
5224
4907
5449
5554
5476
4688
5006
4403
5393
5043
5019
4729
4889
4130
4817
5471
5453
4857
5628
5844
5681
4535
4566
5797
5432
5511
5247
5654
4924
5123
5543
4046
5182
5364
4754
5277
5266
4564
4554
5435
4916
4732
5653
5004
4011
5368
5923
4288
4775
5796
5546
5770
4938
4486
5539
5257
4430
5109
4471
5699
5351
5318
5212
4498
