4026
4664
4299
4198
4154
4420
5321
4022
4133
4599
5906
4060
5307
5331
4515
4188
4588
5079
4203
5560
4747
4323
4167
4464
5344
4112
4115
5881
4092
4522
5004
4518
5220
5780
4877
5588
4449
5475
4566
5026
4865
5025
4482
4870
4049
5181
4958
5063
4909
4698
5924
5488
5411
5126
4598
5779
4899
4496
4223
5899
4595
5850
5874
5250
5772
5920
5015
4015
5219
4959
4138
5904
5744
4874
4535
4559
4678
4169
5637
5448
5545
5249
5476
4376
5862
5109
4968
5940
5215
4358
5117
4996
4152
4979
5774
5010
4841
4707
5445
4333
4754
4537
5033
5212
4695
4391
4222
4907
5341
4646
4114
5003
4315
5795
5331
5272
4445
5717
4401
4807
4949
4163
4063
5332
5977
