5066
5330
5094
5246
5980
4769
5772
4581
5913
4010
4418
4369
5488
5095
5365
4101
5538
5095
5551
4645
4449
4369
4361
5184
4764
4792
5254
4131
5991
4090
5553
4251
5900
4333
4451
4102
5345
5859
5610
4008
5299
5970
5304
4397
4075
4220
5458
4456
5285
5658
5614
5144
4648
5645
4823
5138
5598
5906
5013
5812
4270
5015
5760
5061
5002
4966
4337
4467
4237
4974
4851
4431
5571
5347
4490
4057
4889
5730
4275
4684
5829
4235
4366
5101
4222
4907
4680
4961
5295
4527
4410
5427
5425
4116
5749
5248
4304
4157
4317
4369
4158
5269
5302
5012
4543
5057
4363
5053
5048
4364
5633
4424
5898
4212
5788
4481
4894
5729
5190
4077
5089
5237
4814
5610
5382
