5346
4601
4949
5646
5800
5013
4606
5124
4711
4863
4482
5054
5168
5466
4166
5714
4551
5573
4049
5827
5364
4733
5818
4927
4814
5390
5700
4217
4864
5094
5570
5553
5777
4704
5320
5257
5791
5851
5106
5893
5175
4716
5525
4885
5576
5364
4511
5310
4914
5354
4988
5435
5653
5443
5969
4328
5041
5879
4861
4345
4744
4865
5324
5068
4937
5324
4749
4877
4233
5712
5033
4309
5838
5813
5953
5939
4575
4500
5790
4749
4791
4468
5003
5940
5553
4310
4234
4604
4509
5227
4902
5086
4423
4407
5669
4975
5556
4932
4630
5931
4698
4776
5409
5359
5151
5667
5740
5934
5754
4185
5695
5029
5102
5724
4204
4064
5832
5219
4180
4932
4006
4798
4935
5406
4444
