5530
5574
4998
4149
4655
5864
5441
5777
4125
4527
4377
5712
5530
5859
4311
4594
4805
4390
5215
5283
5912
4288
5155
4873
5429
5931
4584
4137
5387
4547
5305
5751
5724
5368
5965
5479
5553
5846
4708
5030
4971
5671
5670
4228
4072
5124
5880
4211
4304
4993
5591
5715
5178
5653
5960
5276
5329
4942
4621
5591
4288
4384
5859
5669
4038
5245
4477
5840
5986
4585
4481
5398
5952
5215
4434
4808
5939
5997
5147
4019
5840
4493
5471
4491
4827
4182
4389
4885
4132
5538
5604
4697
5592
4658
5556
4334
4594
5504
5065
5664
5481
4486
4305
5196
4030
4359
4482
4435
5475
4014
5392
5764
5500
5328
4901
4957
4801
5162
5035
5074
4718
5242
4884
5110
4633
