4772
5723
5529
4261
4074
4463
5305
5643
4540
5274
5295
4014
5017
5426
4983
4046
5631
5943
5743
5473
5404
5301
5054
4247
5958
4212
5436
4406
4102
5713
4708
5706
4034
4699
5116
4332
4888
5850
5092
5952
5231
5283
4158
4177
4876
5795
5628
5105
5390
4123
5589
5695
4010
4600
5788
4697
5615
5495
4524
5798
4986
4731
5617
4845
5593
5567
5177
4958
5728
4705
4620
5266
4968
5924
5698
4981
5695
5447
5812
5136
4953
5327
5565
4150
4210
4880
5757
4479
4503
4673
4781
5369
5677
4525
5636
5550
4426
5955
5488
5592
4810
5132
5636
4651
4392
4792
4510
4211
4851
4616
5907
4283
5780
4065
4592
4417
4157
5027
5438
4977
4318
4505
5908
4830
5598
