5067
5539
5213
4378
5808
4108
4372
4870
4207
5452
4050
5032
4330
5197
5924
4912
4204
5710
5959
5065
4373
5144
5766
4575
5481
4179
5906
4567
5956
5607
5295
5304
4641
5862
5759
4399
5388
4894
5301
4916
4528
4795
5505
5282
5978
4523
5720
5567
4692
5472
5497
4638
4500
5309
5062
4962
4941
4318
4733
5268
4716
5305
5657
4515
4600
5001
4042
5029
5960
4992
5870
5840
5757
5126
5634
5241
4233
5700
5672
4973
4526
4524
5850
4848
5691
5699
4709
5394
5451
5581
4992
5626
5495
5271
5672
5264
5189
5028
4421
4241
4038
4819
5688
5874
4293
5308
5864
5445
5633
5001
5425
5231
4322
4796
4751
5412
5150
4920
5037
4277
5577
4120
4601
4005
4464
