5922
5130
4432
4352
5902
4682
4052
5527
4250
4914
4388
5147
4242
5928
4572
5962
5201
5605
5475
5149
4861
4010
5066
5196
4581
4331
5452
5184
4694
4115
5458
4423
5184
5656
4992
5702
5519
5068
4110
4958
4697
5146
5081
5998
5535
5326
5627
4923
5401
5486
4802
5245
5132
4023
5593
4787
4440
5254
4383
5777
5140
4446
4289
5224
5812
5572
4957
4352
5612
4176
5671
4283
4247
5066
4862
5876
4257
4999
4008
4152
4290
5580
5798
5134
4883
4984
4133
4635
4177
4031
5244
5534
5088
5533
5200
4785
5461
5258
4737
4820
4658
5054
4387
4993
4561
4989
4364
5162
5920
5603
5038
4008
5209
4417
5753
5578
5619
5580
5747
5807
5969
4926
5250
5333
4537
