5362
5230
5816
5973
5236
4420
5601
4428
4655
5030
4825
5680
5638
4894
5046
4262
5522
4077
5959
5809
5346
5238
4060
5870
5701
5120
5818
5158
4238
5595
4373
4544
4892
4948
4005
4762
5439
5686
4414
4388
4441
5416
4344
4785
4981
4681
4746
4622
4651
5364
5195
5082
4504
5479
5191
4454
5054
5592
4855
4245
4961
5952
4683
4402
4346
5261
5899
5646
4264
5418
4186
4084
4702
5117
5517
5942
5202
4501
4135
5970
4066
4835
5005
5334
4522
5673
4059
5877
4559
4545
4350
4426
5606
5641
4204
5516
4156
5136
5478
5205
4341
4985
5748
4986
4761
4859
4689
5314
4582
4125
4323
5216
4475
4210
4360
4085
5325
4191
5527
4878
5518
4807
4260
5649
5279
