5125
5070
4854
5623
4555
4265
4958
4118
5753
5902
5178
4226
5526
4158
4089
5477
5553
4221
5053
5798
5277
4835
4373
5998
4847
5014
5227
4156
5752
5207
4274
5211
5844
5635
4525
4535
4041
4270
4746
5440
5912
4902
4256
5802
5014
4613
4824
5045
5762
5255
5274
4566
4803
4585
5463
4260
4472
5179
4064
4665
5798
4889
4721
5527
4569
5208
5989
4264
4312
5619
4099
4607
5987
4992
4221
5476
4815
5790
5722
5001
5143
5551
5769
4303
5074
4137
4106
4484
4234
5954
4760
5542
5692
5795
5747
5045
4998
4076
5475
5363
5684
4082
4737
4596
4067
4402
4579
4401
4132
5378
4197
4905
4073
5790
5220
4913
5663
4114
4258
4686
4358
4994
4739
5368
4985
