4428
4158
5364
5912
5435
5032
4482
5790
5256
4636
5170
4570
4764
4950
4477
5977
5619
5165
4124
5655
4330
5969
4920
4124
4377
5302
4974
5282
5664
5132
4653
5003
4868
4130
5922
4032
4441
5612
5493
4526
5240
5096
4168
5018
4591
5114
5159
5205
4466
4352
5333
4657
4755
4594
5978
4384
5371
4376
4566
4323
5315
4883
4825
4552
5992
4711
4928
5931
4133
5430
5781
4560
4292
4746
4061
4514
4628
5886
5941
5643
5024
4082
5293
5229
4477
4953
4547
5269
4669
4471
4379
5888
4079
4637
5199
4452
5750
5496
5587
5266
5237
4662
5614
5991
4448
5565
4359
5754
4325
5440
5053
4162
5519
5849
4846
5785
5365
5513
5090
4892
4006
4060
4002
4612
5604
