4342
5139
4260
4703
4796
5208
4797
5671
4508
5229
5032
5206
4802
4538
4094
4166
4693
5862
4264
4930
5405
5225
4750
4495
5992
4326
4719
4139
5085
4883
5651
5438
5070
5255
4801
5793
4817
5603
4890
4662
4773
4873
5887
5613
4289
5465
5014
4938
5645
5997
5373
4156
5936
5746
4596
4840
5120
5295
4515
4912
4507
5607
4798
5971
4666
5431
4555
4589
4102
5168
5884
4057
4080
5664
4526
5734
5282
4539
5597
5012
4237
4253
5025
5928
4422
4597
5659
5898
4484
5272
4779
4567
5930
5659
4579
5297
4994
4901
5623
5404
4712
4819
4733
5426
5803
5584
4648
5948
4064
4107
5430
4010
4305
4573
5447
4263
5024
5774
5463
5417
4912
4449
5333
5280
4699
