5786
5444
4591
5742
5628
5793
4611
5986
4362
5571
5950
4642
5300
5122
5695
4592
5955
4181
4124
4173
5767
5912
5393
4798
5922
4730
5751
4040
5267
4550
5503
5757
4718
5814
5190
4811
4034
4320
4749
5627
4734
4987
4466
5790
5672
4274
5905
5586
4333
4361
4932
4219
5448
4357
5980
4737
4524
4216
4406
5789
5182
5323
5069
5647
5904
4482
4295
5671
4680
5505
4474
5211
5068
4151
5344
4867
5068
4465
4114
4582
5424
4897
5428
4591
5449
4858
5883
4696
5278
5087
5118
5611
5811
4288
5420
5641
4009
5214
5617
5753
4831
5234
4916
4526
4015
5856
4286
4137
4131
4518
5921
4028
5789
5709
4930
5396
4868
4338
4473
4245
5203
5497
4138
4019
4636
