5790
4598
4939
4055
4918
5844
4965
4111
5450
5852
4614
5009
5050
5326
5247
4004
4300
4427
4281
5572
4997
5629
5340
5193
5567
5408
5461
4503
5509
5413
5242
4718
5639
4275
5947
5117
4515
4377
4365
5821
5957
5688
4704
4715
5115
5584
5804
5965
5849
4370
4513
4262
4676
5623
4495
4835
4826
4417
4969
4437
4564
5360
4110
4282
4339
4915
5005
5676
4533
5162
4174
5869
5767
5396
4305
4597
5946
5509
4522
5537
5144
5042
4865
5161
5086
5371
4097
4710
5423
5835
4857
4879
4488
5076
4692
5182
5919
5412
4483
4181
4363
5495
5504
4682
4575
5556
5008
5448
5315
4710
5622
5505
5385
4917
5088
5743
4745
4255
5673
5809
5482
4257
5293
5056
5399
