5133
4153
5991
4972
5451
4831
5077
5749
4156
4414
4722
5952
4031
5055
4497
5280
4049
5050
4241
4121
5287
5198
4659
5660
5157
4574
5626
5304
4539
5923
4037
5248
4197
4327
5784
5626
4454
4629
5793
5056
5839
5026
4751
5051
5826
4253
4045
5441
5406
5486
4016
4953
5060
5444
4186
5056
4814
5723
5782
5280
4858
5687
5772
5040
4540
5055
4004
5187
5548
4253
5253
4862
5062
5832
5987
4053
4713
5176
4030
5687
5058
5452
5540
4916
5255
5569
4443
5026
4828
4820
4935
4121
4179
4009
5395
5867
5903
5405
4074
5236
5521
4133
5089
4847
5986
4562
5939
4573
5523
4242
5244
5028
4117
5442
4252
5737
4393
5238
4178
5840
4966
4658
4295
4473
4461
