5962
5119
5228
4498
5498
5803
5915
5780
5751
4198
4241
5734
5985
4914
5616
4917
4484
5173
4533
4745
4145
4289
4340
5183
5769
5096
5355
5520
5029
4767
5365
4004
4749
5119
4790
5616
5008
5765
4325
5952
4564
5480
5912
5352
4916
4885
5973
4443
5344
4185
5913
5824
4406
4888
4490
4041
4737
5115
4922
5001
5020
4195
5676
5380
4190
4748
4783
4906
5084
4447
4980
4345
5076
5506
5819
5774
4120
4324
4172
5347
5531
5412
5949
4674
5045
5885
5780
4128
5786
4116
4030
5852
4842
4702
4230
5533
4545
4888
4346
5116
4031
5484
4240
4875
5715
4117
4321
5570
5510
4558
5219
4383
5972
5576
5980
4310
5502
4881
4976
5647
5375
5252
5016
4363
4603
