4316
4510
4654
4473
4979
5819
5271
5423
5513
5832
5142
4150
4872
5410
5878
4810
4376
4247
5332
5542
4720
4773
5233
5314
4172
5200
4814
5267
4799
5988
4306
5639
5372
4356
4119
5500
5872
4356
4251
5219
5005
4471
5410
4925
4700
4574
4115
4067
5036
4584
5610
4383
5166
5377
4143
5596
5574
4367
5680
4751
4362
5576
5567
4353
4376
4712
5696
5912
5863
5270
4181
5148
4594
4341
4848
4724
4781
4868
4664
5384
4314
5565
5013
4464
4250
4776
5052
5933
4280
4610
4463
4353
4255
4279
4185
4829
4450
5349
5387
5337
5664
4372
5977
4731
4125
4478
5542
5018
4580
5286
5678
4155
5394
5970
4931
4995
4128
4049
4371
5574
4305
4713
4005
4538
4228
