5062
4734
4813
5836
5525
4084
4636
5888
4192
5738
4875
4393
5500
4917
4674
4468
4660
4865
4236
5111
4951
5582
5083
4789
4873
4455
4272
5694
4530
4084
4382
5200
4310
4207
5558
5387
5643
5821
4701
5935
4166
4919
4628
4783
5248
5748
5672
4209
4320
4396
4128
5342
4470
4119
4496
5637
5286
5363
4725
5666
4502
5424
4552
5061
4175
5384
4024
5884
4671
5093
5238
4344
4581
5741
5978
5634
5843
5276
4817
4632
5459
4120
4523
5629
4469
4439
4163
5503
4390
4183
4882
4104
5955
4081
5366
4045
4123
5056
5524
5112
5826
5957
4835
5193
4586
4055
5267
5418
5388
5573
4219
5962
5769
5579
5101
5278
4527
4258
5432
5160
5607
4427
4404
5530
5300
