4720
4578
5816
4718
5170
5965
4047
4213
4199
4588
4298
4669
4365
5824
4678
4126
5930
4133
5364
5193
5745
4631
4304
4542
4970
4609
4409
5014
5141
4937
4412
4120
5066
5739
5896
5832
5149
5900
4062
5963
4172
5795
5908
4796
4565
4908
4545
4833
4270
4798
5603
4597
5828
5095
4271
4374
4948
5710
4839
4838
5866
4963
5243
4475
5736
4014
4364
4220
5738
4849
4259
4386
4978
4545
5059
4664
5352
4743
4272
4585
5898
5788
5183
5341
4789
5102
5661
4584
5934
5908
4742
4467
5554
5078
4558
5013
4505
5814
4516
5182
4310
4987
5642
5691
4968
4923
4999
4313
5986
4183
4484
5346
4641
5717
4095
5509
5972
5331
4657
5296
4436
4145
4576
5877
5404
