4020
4854
5365
4469
5963
4949
4016
5295
4442
5891
5684
4084
4985
5451
5931
5636
5437
4249
4429
4351
5036
5885
4763
4286
5750
4284
4630
5677
5537
4346
5452
4984
4804
5390
5416
4850
5338
5431
4541
5645
5283
4249
4344
4931
4939
4513
4529
4894
4276
4956
4529
4649
4692
5484
4556
5961
5393
4876
5314
5768
4601
5678
5672
5959
5396
4222
4710
4693
4132
4363
5357
4317
5315
4903
5973
5635
5012
5263
5321
5100
4723
5680
5060
4089
5620
4982
5953
5361
4076
4534
4005
4892
4125
4154
4889
4384
5742
5694
4091
4834
5589
4017
4844
5501
4736
5337
4574
5757
4026
4886
4790
4513
5215
5352
4456
5303
4022
5372
5691
5944
5060
5689
4115
4202
4221
