4167
5737
4173
4887
4381
5600
5951
5336
5630
4616
5690
4812
5690
5961
5287
5397
5249
4720
5084
5295
5347
4699
5583
5639
4556
5805
4992
5799
5893
5858
4639
4948
4716
4923
5883
4716
4822
4523
4009
4826
5381
5051
5155
5005
4864
4707
4088
4164
4653
4355
4055
5868
5231
4562
5031
5013
5903
5567
4673
4377
4874
4795
5189
4398
5726
5511
4845
5508
5914
4031
4443
4285
5913
4135
5367
5947
5745
5221
5965
5355
4206
4155
4448
4200
4637
5736
5646
4787
5821
5868
4909
5335
4050
4239
4750
5562
5844
5884
5685
5515
5874
4027
5358
5307
5121
4805
4248
4674
4528
5918
5194
5335
4965
5602
5468
5275
4575
5818
4145
4546
5825
5708
4072
4315
5208
