5786
5072
4686
4654
5138
4491
4270
5290
4987
4631
4089
4948
4110
5386
4654
5339
4318
4234
5553
4402
4338
5234
4050
5558
4954
4297
5653
4969
5869
4043
4818
4921
5650
4539
4372
5391
5968
5496
4443
4439
5955
4594
4739
4919
4970
5551
5030
5627
4136
4376
5946
5495
4309
5516
4523
5799
4446
4190
5607
4894
5410
5607
4589
5436
5253
4458
5142
5604
5324
4803
5035
5193
5628
5140
5873
5198
4788
5982
5119
5949
5515
4620
4591
5888
4824
4309
5520
5418
5124
4381
5728
4517
5447
4375
4199
5429
4244
5485
4926
4863
4602
5916
4787
4884
4471
5781
4385
5593
5898
4720
5973
4986
4059
5898
5185
5071
4405
5355
4757
4460
4087
5954
5674
4768
5442
