5755
5605
4039
5814
4234
4116
5008
5323
5612
4313
4068
4364
5944
5570
4801
4073
4234
5455
5300
4533
4734
5170
5971
4088
5405
4559
4298
4142
5815
5654
4145
5155
4958
5766
4585
4485
5942
5635
4456
4984
4966
4523
4336
4904
5992
4061
5157
5837
4738
5778
4774
4886
5797
5087
4451
5583
4374
5858
4114
4295
5453
4640
5153
4088
4220
5457
4720
4895
4556
5558
4005
4182
5516
4343
5729
5561
4503
5094
4321
5975
4791
4836
4673
4645
5531
4150
5835
4788
4800
5100
4141
4049
4441
5020
5573
4439
5167
5279
5233
4740
5508
4003
5079
4940
4745
4281
4378
4027
5377
4836
4719
5764
5411
4434
4534
4828
5773
5216
4632
4675
4857
4208
4112
4231
5069
