4934
5850
4811
5004
4248
4984
5873
4066
4653
4785
4807
5311
4835
4197
5115
4801
5142
4955
4141
4241
4164
4567
4719
4208
5680
5823
4691
4759
4235
4253
5067
4527
5220
4347
4030
5119
5431
5071
4720
4995
5877
4696
4154
4895
4250
4252
5667
4675
5279
4099
4664
4029
4394
5752
5392
5725
4989
4140
4560
5294
4304
5132
4643
4540
5138
5349
5279
5484
5431
5401
4953
4929
4862
5853
4366
4545
5640
4855
4691
5899
5268
5401
5452
4632
4106
5127
5055
4892
5099
5022
4308
5758
5019
5478
4118
5655
5529
4231
4801
4268
5401
5434
4204
5297
4168
5429
5333
5502
4210
4595
5590
5208
5731
5265
4737
4025
4848
4670
5339
5057
5848
4251
4906
4633
5491
