4164
5300
4642
5623
4881
4530
4262
5142
4134
5346
4337
4532
4026
4479
5958
4697
4888
4807
4927
4970
5181
5591
5938
4828
5453
4568
5896
4423
4268
4420
5525
5733
4771
5117
5467
5806
4923
5747
5356
5172
4314
4839
5288
4907
5410
4326
4653
5523
4813
5892
5635
5563
4783
5687
5172
5124
4654
5788
4732
4840
5793
5844
5078
4607
5681
5780
4782
5330
5310
5974
4103
4593
4219
5538
5657
5156
5690
5373
5264
5682
4586
4497
5508
4898
5616
4204
5509
5400
4517
4256
5641
4223
4942
5164
5900
4204
5162
4074
4475
5457
4542
5219
5720
4466
5673
4861
5437
4508
4733
5973
4402
4234
4746
4148
4093
5280
4937
4585
5367
4281
4573
5019
5687
5515
4121
