4160
5439
4067
5119
5135
5289
5404
5090
5092
4182
4889
5912
4596
5827
4884
5593
4729
5756
4381
4690
5923
5029
4974
4840
4230
4053
4776
4540
4766
4352
4099
5106
4911
4413
5812
5090
5404
5895
5498
5817
4757
4501
4140
4557
4511
4957
5912
4144
5363
4162
4825
5975
5835
4133
4215
4275
4498
4668
4525
5468
5377
5925
4169
4747
5320
4334
5904
5148
5573
5207
4169
5861
5400
4888
5865
4763
4211
4830
4773
4075
5278
4154
5160
5177
4486
4052
5219
4278
5308
4713
5669
4105
5414
5180
5297
5954
5803
5289
4770
4820
5702
4495
5217
5372
5515
5384
4144
4720
4390
5626
5047
4221
4144
5050
5307
4379
5635
4980
5441
4865
5864
5654
5302
5022
5304
