5516
4511
4023
5738
4959
5241
5166
4431
5208
5202
5095
5540
5924
5578
4281
5514
4838
4052
5775
4368
5134
5039
4821
5456
4429
4298
4324
5106
4072
4099
5771
4042
4429
5348
5779
5452
5830
5075
5897
4558
5652
4862
5110
4552
4226
4430
4834
5673
5590
4282
4587
5218
4520
4223
5823
4791
5257
4716
4746
4849
4998
4097
5119
5699
5667
5583
4194
5642
5318
4755
4793
5660
4810
4673
5394
5792
5273
4408
5680
5469
4414
5021
5829
5546
4554
4145
5759
5343
5301
4132
5042
4312
4569
5659
4926
4855
4488
5261
4056
5328
4624
4830
5338
5713
4042
4245
5124
4437
4142
5172
4794
5083
5550
4910
5682
5292
5493
5790
4623
4480
4614
4010
5039
5656
5586
