4460
5047
4027
5210
4783
4876
5047
5160
4117
4582
4222
5425
5814
5451
5742
5255
4154
4787
5402
5916
4172
5278
5780
5072
5086
4813
5665
5146
5905
5503
5680
5546
5192
5147
4134
4830
4672
4839
5150
5145
4929
5880
5750
4054
5401
5894
4176
5238
4091
5307
4981
5256
5011
4066
5083
4244
4270
4153
4053
4088
4378
5983
4999
5433
4145
5883
5440
4513
4518
5115
5168
4553
4732
4438
5032
5679
4286
4260
5934
5632
5399
4692
4651
4611
5996
5533
5353
5958
4599
4462
4692
4117
5470
5896
4105
5841
5678
4351
5648
4646
4779
5634
5088
4015
4318
4119
4557
5914
5719
4004
5950
4112
5983
4650
4906
4038
4254
4612
4516
5036
5346
5859
4025
5723
4157
