4452
4600
5451
5343
5162
5469
5187
5577
5339
5958
5960
4947
4394
4062
4602
5524
4147
5226
5427
4901
4070
5478
4500
5734
5727
4869
5534
5394
5096
4303
5912
5884
4525
4670
5494
5601
4460
5835
5295
5404
4980
4488
5797
4815
5119
4194
5751
4841
4203
4693
5872
5297
5545
5957
5718
5362
4048
5555
4253
5634
5247
4954
4859
5640
5177
4023
4042
5890
4948
4322
4902
4445
5260
4482
5262
5819
4191
4891
5532
5089
4513
4367
5122
5518
4833
5397
4109
4726
4356
5381
5466
4717
5601
5356
5164
5508
5722
5163
5178
4953
4499
5389
5567
4483
4407
5184
4252
5836
5192
4415
4974
4480
5305
5617
4353
4874
4827
4496
5959
5638
5003
5477
4508
5670
4496
