4796
4323
5751
4503
4294
4174
4531
5341
4198
5738
5340
4334
4772
4214
4254
5570
4776
5525
5371
5048
4916
5825
5533
4644
5078
4060
5193
4369
5277
4643
4399
5460
4564
5264
4469
4243
4154
4397
4299
5556
5728
5771
5667
5894
5977
4407
5662
4520
5224
5542
5103
5355
5145
5735
4545
4792
5628
4228
5791
4115
5418
5154
4338
5655
5603
4653
5005
4916
4844
5800
5451
5705
4905
4864
5629
5179
5141
4044
4375
4991
5780
5733
5526
5951
5573
4405
5855
4539
4549
5887
5105
5078
5172
4118
5493
5997
5704
5884
4180
4035
5438
4729
5245
4242
5916
4426
5542
5450
4725
5413
4474
5685
5123
4381
4549
5791
5996
4804
4328
4062
4776
5668
5229
4092
4948
