5069
5325
5360
5069
4765
5918
4035
5558
4370
4663
5031
5102
4292
4113
5560
4173
4034
5622
5196
5055
4806
4507
5696
5654
4631
4333
5713
5962
5346
5794
5441
5599
4070
4881
4533
5535
5640
4111
4295
4464
5065
4565
5366
5431
5349
5781
5898
5110
4554
4103
5336
4176
4282
4436
4712
4060
4398
5304
5836
4183
4477
5262
5164
4752
5790
5416
5211
4367
5819
5793
5726
5633
5643
4290
4131
4109
4706
5094
4287
4001
5393
5193
4945
4554
4184
5090
4783
4422
5677
5806
4288
4788
4583
5115
4280
5087
4403
5922
5082
4280
4383
4034
5967
5314
5323
5090
5918
4925
5447
5659
4148
4463
5692
5964
4240
4560
5597
4699
4915
4964
4153
5688
4058
4959
4381
