5231
4412
4549
5186
5290
4222
4667
4715
4262
4862
5289
4594
4942
5690
4850
4367
5356
4173
4182
5744
5537
4286
4048
4175
5834
4205
4062
5724
4369
5139
4163
4733
4189
5720
4631
4401
5163
4048
5366
5546
4048
5441
4677
4146
4680
5984
4091
4246
5465
5796
4269
4946
5117
4100
5166
5212
5057
4957
4168
4385
5390
4886
4623
4375
4894
5038
4325
4864
4641
4384
4897
4022
4838
5127
4626
5973
5730
4071
4440
4220
4956
5162
4806
4602
4678
5058
4499
5314
4937
4246
4521
4162
5635
5800
5778
4307
4730
4989
4970
5518
4501
5986
4957
4025
5187
4130
5481
4971
4469
5366
4698
5905
4715
5771
4358
5807
4562
4819
4458
5808
4191
4474
5460
5005
4655
