5628
4978
4924
5186
5376
4617
4830
5975
4160
4695
4125
5852
4345
5966
4062
5696
5647
4831
5397
4706
5191
4770
5125
4270
5479
4136
4069
5484
4750
5705
5805
4626
4835
4812
5125
4779
5766
4404
5080
4730
5802
5367
4925
4703
5039
4138
4385
5814
4965
4497
5329
4028
5200
4528
4395
4143
5604
4187
5168
5005
4184
5474
4845
5407
5918
5943
4276
4789
4987
4792
4186
4887
4583
5419
5282
5879
5002
4804
5334
5995
5248
4195
4335
4394
5023
4412
4593
5617
5254
5580
5772
5858
5081
5908
4785
5153
4995
5423
4244
5018
5887
4185
4958
4001
5597
5657
5565
4823
5450
4287
5525
4134
4636
5157
4045
5706
5727
4905
4726
4348
5387
5081
4811
5842
4514
