5924
4421
5675
4783
5482
5574
5027
5474
4136
5341
4932
4167
4538
4565
4778
4936
5328
4527
4479
4236
5742
4573
5015
4222
5331
4922
5878
5562
4091
5435
4253
5005
4158
5308
4959
5841
5322
5035
4560
4086
5645
4827
4106
5426
4425
5860
4318
5374
5214
5426
4917
4579
4707
4035
4169
5886
4108
4712
5704
5791
5909
4970
5810
5556
5745
5656
5843
5294
4258
5142
5875
4039
5147
4831
4585
5483
4979
5174
4086
4503
4992
4171
4928
5982
4872
5270
5374
4387
4543
4205
4257
4326
5862
5865
5163
4641
5061
4257
5926
4249
4334
4761
4619
5998
5918
4886
4219
5547
4271
4429
5455
4802
5286
5377
4440
4724
4401
5787
5366
4615
4628
5217
4236
5381
5820
