4470
5616
5991
4728
5665
5662
4047
4848
4392
5003
4441
5929
5494
5274
5191
5810
4551
4947
5513
4549
4711
5523
5346
4101
5122
4932
4166
4344
4923
5355
4176
4371
4804
4238
4218
5399
4062
5973
4435
4946
4632
5210
4967
5854
5656
4346
5147
5543
5607
4188
4082
4474
4674
5457
5473
4397
4677
4741
4719
4636
5153
4758
5039
4437
4941
4678
5361
4007
4898
5072
4604
5724
4290
5813
4408
4467
5242
5266
5191
5673
4707
4812
5235
4692
5458
4581
5204
4860
5490
5221
5898
5078
5216
5436
4512
5591
4975
4428
5399
4429
5097
4464
4270
5388
5519
4895
4998
4308
4216
4433
5926
4502
5797
5517
4628
4149
4599
5536
5698
4388
4241
5068
5537
5458
5540
