4681
4803
4317
4450
4020
4466
5255
5135
4179
4051
4183
5941
4611
5061
4997
5729
4782
4912
4601
4347
4894
4860
4445
4723
5658
4057
4352
4516
5513
4767
4146
4799
4334
4261
4708
5832
5570
4437
5549
4483
5755
4833
5240
5593
4066
5521
5671
5873
4052
4490
4533
5472
4027
4020
5165
4040
5126
5326
5557
5372
5191
5089
4016
4236
5300
4880
5309
4356
5286
5414
5498
5673
5292
4309
4387
5422
5830
4440
4498
4550
4491
4048
4967
4193
4255
5390
4605
5462
4992
5552
5934
4999
5558
5903
5720
4002
5651
4581
4524
4633
5692
5014
4494
4757
5932
4667
4797
5674
4132
4687
5624
4012
5937
5255
4500
4890
4627
5763
4846
5528
4839
5514
5201
4723
4718
