4641
4011
5100
5774
5752
4360
5191
5880
5536
5760
4237
4210
5128
4114
5902
5740
4604
5915
4267
5676
5337
4507
5975
5744
5161
5825
5214
4478
5021
5288
4244
5200
4422
4731
5366
5424
4590
4648
4005
4719
5563
5781
4184
5395
5922
4635
4371
4605
5360
4952
5830
4057
4143
5504
4508
5698
4443
5545
5239
5081
4317
5197
4792
5067
5165
4781
4758
4893
5573
4707
4013
5737
5626
4188
4046
4314
4880
5161
4947
4924
5412
4484
5972
5970
4182
5191
4942
4607
5827
4644
5698
5782
5657
4465
5150
4800
4831
4959
5968
4836
5812
5700
4359
5417
5541
5112
5439
4469
5490
4360
4724
5438
4575
4817
4211
4586
4770
4169
5814
5584
4198
4254
5051
4535
4701
