4610
5790
4214
4060
4136
5748
5200
4503
4346
5088
5419
5815
5518
5079
4886
4207
4210
5609
4471
5868
5365
4648
4473
5889
5561
5210
4917
4550
5256
5018
5559
5298
5327
5517
5968
4848
5677
4321
5401
5081
4603
5723
4928
4102
4377
5398
4404
5435
5479
4735
4921
5091
4230
5151
5076
4399
4001
5437
5608
5105
4861
4007
4155
4550
4492
5876
4833
5231
4320
5569
4263
4011
4076
4032
4480
5631
5735
4753
5991
5792
5114
4793
5952
4782
5292
4054
5769
5545
4612
5071
5150
5858
5240
4910
4452
5485
5354
4825
4928
5300
4730
5208
5935
4619
5533
4611
5890
4800
4062
5637
4447
5382
4930
4737
4328
5826
4394
4258
4367
4485
5714
5932
5326
5801
5926
