5391
4619
4351
4215
4444
4053
4293
5606
4238
4153
5559
4446
5897
5751
5934
4455
5029
4184
4241
5876
4244
4171
4798
5020
5608
5171
5221
4018
4711
5857
5913
5284
4808
4004
5871
4268
5701
5739
4618
5185
5935
4983
4475
5442
4821
4379
5811
5941
5935
4334
4981
5340
5233
4890
5642
5546
5448
4087
5544
5528
4153
4750
5698
4335
4153
4516
5465
4101
5388
4054
4022
4327
5903
5803
4653
5584
4755
5244
5935
4672
4983
5558
5268
4883
5472
4762
4608
4954
5244
5667
5368
4598
5936
5250
5316
5276
5956
5674
4674
4173
5148
5463
5982
4492
5348
5178
5783
5353
4622
5637
5476
5302
4397
5008
5835
5364
4549
4387
4378
4428
5604
5685
4360
5367
4068
