5101
5874
4588
5122
4900
4138
4174
4582
4918
5797
5135
5292
5331
4391
5886
5492
5696
5030
4356
4161
5314
4414
4194
5113
4009
4277
5662
4440
4739
4881
4131
5123
5283
4034
5583
5225
5562
4791
4033
4757
4779
4915
5307
5879
5682
5588
4738
4416
5231
4631
4812
4294
5722
4215
5186
5476
4367
4909
5606
5258
4419
4003
5510
4527
4796
5977
5580
4667
4763
4588
5353
5334
5000
4755
5341
5862
4249
5383
5787
4603
4126
4717
4041
4996
5594
4094
5455
5521
5174
5377
5014
5608
4547
5609
4124
4167
5813
5303
4286
5110
4905
4961
5103
5597
5153
4383
5426
5380
4416
4125
4898
5824
4118
4026
4884
4866
5277
5454
4443
4703
4317
5352
5956
5893
5250
