4966
5758
5362
5725
5882
5197
4976
4094
4521
4016
5166
4875
5047
4744
4901
4986
4656
5358
5471
4336
4219
5540
4378
4000
4824
4504
4933
5346
5775
4817
4924
5969
4088
4417
5416
5140
5412
4416
5316
5844
4115
4026
5049
5298
4341
4595
4729
5571
5801
4086
4642
4498
5995
5937
4896
4873
4580
4956
4524
5640
4929
5344
4067
5351
5314
5997
4062
5854
4244
4632
5444
4017
4352
4613
4288
5660
5449
4803
5991
5099
5383
5147
4826
5646
5855
5634
4339
5024
4484
4656
5699
4402
5271
4672
4652
4164
5523
4417
5315
5713
4154
5188
5608
5098
5064
4917
4459
5573
4917
4190
4859
4715
5174
5480
4710
4398
5421
4416
5673
5091
4295
5253
4576
4336
4330
