4787
4869
4402
4474
5184
4582
5951
4535
4464
4857
5046
5823
5581
5626
4183
4561
4823
5806
4377
4234
5709
5834
4996
4703
5103
5749
4426
5995
4821
5562
5409
4813
4587
5860
5220
5189
5198
4378
5403
4076
4387
5831
4178
5507
5534
5993
4183
5669
5024
5622
4605
4011
5822
5677
5292
5310
4666
5534
4256
5953
4764
5944
4808
4147
4888
5534
5733
4253
5590
4126
4283
5260
4595
5422
5947
4603
4371
4836
5807
4496
5190
4575
4662
4257
5089
5736
5574
4683
5751
4285
4525
4848
4465
5934
5975
4111
5039
5370
5515
5860
4642
5639
5055
4263
5244
5017
4181
4789
5256
4579
4358
4353
5045
4583
5691
4317
5937
4905
5420
5543
4198
4758
5517
5485
5021
