4894
4115
5058
5599
4240
5769
4718
5664
4604
4633
5585
4189
5487
4156
5033
5826
4658
4105
5001
5606
5989
5547
4732
4458
5088
4821
4805
5106
4322
4335
4268
5053
5660
4368
4354
4764
4252
4090
4915
4981
5592
4577
4147
5598
4938
5842
4164
4284
4162
5742
4632
5209
4467
5708
4482
4737
5827
4941
4651
4549
5654
4088
5649
5025
4920
5029
5790
5994
4852
4853
5822
5083
5889
5732
4709
5367
4589
5395
4808
4150
4915
4330
5689
4533
4390
4998
4785
4042
4751
4292
4401
4279
4044
5302
4131
5186
5121
5183
4574
5027
5770
4324
5871
5956
5033
4968
4798
4845
4125
5527
4006
5809
5181
5589
4237
5078
4303
5683
5995
5963
4744
4916
4793
4048
5201
