4864
4128
5616
5228
5249
5778
5579
5491
5586
5057
5963
4708
4876
5146
4800
5491
4199
4259
4514
5818
5174
5318
4934
5467
5549
5483
4769
4310
5032
5572
4651
5876
4383
5581
5591
4672
4914
5082
5247
5120
4331
5470
5730
5480
5550
5620
5421
4728
4192
4577
4613
5529
5787
5512
5336
5096
4104
4991
4823
5105
5823
5034
5116
4669
5742
5192
5460
4601
4884
4540
5013
4208
5735
5797
4471
5670
5414
4140
5352
5063
4136
5567
4605
4125
4759
5171
5618
5463
5395
5116
4646
5732
5651
5696
4969
5205
4153
5938
5571
5290
4644
4048
4040
4388
4355
4080
4032
5807
4273
4041
5982
5740
5982
5588
4691
5432
4008
5793
4702
4972
5812
5953
4653
5394
4859
