5670
5421
5315
5521
4628
4839
4606
4882
4439
4160
4315
4643
4009
4938
5327
5985
5161
4969
5774
4613
5917
5915
4532
5633
4971
4226
4182
4625
4873
4061
4277
4611
5339
5617
4172
4105
4384
5889
5230
5761
5178
5458
5651
4498
5949
5998
5025
4519
4194
4519
4358
4989
4995
5378
5281
4818
4995
4288
5286
5488
4823
5865
4096
5391
5867
5151
4015
4287
4471
4957
4883
5961
5184
5485
4495
5149
5245
4591
5757
4920
4970
5236
4974
5818
5582
5682
5821
5856
4502
5064
5209
4180
5360
5488
4944
5277
5789
4992
5609
4367
4670
4009
5278
5194
4830
4334
4069
5597
4716
5549
5656
4133
4749
4309
5859
4564
4640
5652
4886
5432
5273
4563
5130
4323
4097
