4106
4514
4590
4325
5745
4630
5888
5741
5387
5789
5868
5296
5698
4490
4469
4152
4220
4764
5155
4086
5671
4860
4684
5437
5204
4666
4710
5627
5475
5721
5487
4448
4391
5757
4603
5913
5264
4277
5640
4284
5696
5230
5199
4615
5658
4815
5849
4175
5089
4841
4815
5074
5608
4918
5752
5946
5484
4639
4026
4884
5660
5266
5185
4892
4037
5118
5770
5611
4430
4838
5482
5922
5252
4926
4512
5067
4593
4713
4422
4261
4706
4624
4979
4613
5131
5135
5420
4252
5906
5589
5178
5940
5508
5015
4123
5483
5565
5555
5072
5545
4572
4567
4531
5986
4607
5788
5958
4525
4329
5139
5173
4555
4293
4183
5183
5253
4171
4020
4882
4408
5667
5238
4577
4208
5823
