5564
4024
5707
4578
4349
5293
4923
5768
4434
5979
5917
5139
5411
5332
5415
5575
4640
5854
5375
5188
5251
5463
4712
4281
5269
5241
5764
5559
4639
5391
5990
5945
4939
4625
5898
4544
4808
5662
4838
4969
5307
4942
5441
4607
5204
4541
5974
4015
4072
4310
4070
4744
5564
5096
4860
5895
4633
4006
4007
5642
5393
5789
5144
4344
5341
4654
5518
4008
5168
4671
5781
4002
4200
4277
5495
5104
4460
4266
4904
4877
4631
4417
4893
4911
5936
5283
5716
4214
5095
4764
5557
4329
5754
4160
5623
4246
5868
4362
4219
4288
4357
4961
4235
4147
4740
5214
4242
5417
4075
4705
4358
5213
5669
4884
5013
5679
5443
5842
4086
4323
4489
5799
4038
5150
4419
