5802
5345
5641
4176
5382
5603
5987
5485
5099
4610
5431
4729
5151
4876
5315
5111
5550
4711
5402
5609
5244
5363
4334
4637
5471
5826
5132
4268
4934
4174
4630
5470
4830
4916
5712
4451
5135
5765
4070
4183
4758
5655
5128
5538
5293
5640
4971
5334
4016
4539
4123
5355
5639
5816
5213
4180
5873
5708
5840
4734
4754
5237
4684
4352
5781
4810
5352
4820
4942
4917
5726
5881
4464
5241
4339
5246
4873
4690
5914
5990
5704
5917
5293
4402
4890
5721
5016
5763
5398
4476
5378
5703
5179
4150
4729
5535
4809
4091
4050
4146
5360
4816
5170
4793
4244
4246
4976
5897
4573
4980
4015
5367
4802
4567
5543
5415
4105
4905
5379
5762
5643
4706
5936
5109
5548
