5226
4857
4764
4107
5254
4849
4980
4859
5248
5196
4419
5820
4315
4222
5435
4125
5737
5547
4083
4355
5530
5613
5684
5771
5777
4770
5356
4302
5866
4255
5964
4035
5690
5801
5168
5226
5594
4516
4130
5231
5559
5392
5014
5087
4603
5313
4581
5063
5803
4295
4587
4894
5964
4639
5196
5098
5718
5918
4923
4204
4028
4217
4271
4149
5782
5997
4296
4773
4211
4770
5945
5434
4401
5071
5744
4732
5093
5033
4327
5657
5953
4108
5386
5988
4887
4619
4347
5298
5671
5176
4091
5322
5198
4662
5511
4862
5135
4571
4164
5383
5109
5542
4162
4567
5020
4102
4502
5470
5422
5214
4385
5232
5981
4009
5863
5965
5642
5250
4656
5877
4404
4600
4314
5921
4109
