4006
5869
4057
4289
5024
5932
4112
4462
5762
5473
4572
5373
4764
5423
5469
5029
5128
4870
4111
4239
4722
5907
4890
4178
4427
4522
4655
4010
4394
4253
4949
4877
5568
5895
4953
4715
4956
5039
4233
5885
4787
5647
4989
5310
5328
4444
4284
5034
5231
5325
5168
5335
4686
4644
5030
5433
5313
5301
5765
4835
4890
4221
5897
5602
5338
4507
5609
4026
5051
5782
4890
4672
5596
5338
5439
5557
4049
4845
5325
4303
4322
4361
4306
4245
4315
4006
4871
4273
4159
4483
5185
5057
4651
5187
4439
5828
5778
4038
5840
5447
5527
4095
4724
4021
4707
4501
4714
4000
5311
4862
5436
4129
5170
4297
4365
5282
4948
5965
5598
4314
4930
5781
5417
5944
4403
