5449
4922
4139
4754
4876
5954
5765
4032
5052
4348
5508
4291
5194
4829
4258
4233
4883
4153
4676
4760
5146
4923
4867
5992
4828
5448
4043
4514
5803
5741
4426
5886
5933
4714
5245
4733
4270
5120
4336
5414
5423
4909
4786
5498
4696
4636
5069
5415
4264
4982
5311
4010
5335
4887
4346
4366
4448
4479
4195
5199
5819
5719
4670
4283
5291
4917
5998
5023
4427
4272
4089
5174
4036
4048
5837
4561
4248
5100
5412
5284
5189
4687
5480
5226
4923
4694
4836
4161
5486
5167
5070
4327
5751
4422
4432
4392
5596
5239
4189
4526
5792
5345
5589
4773
4711
4474
5536
5156
4363
5307
4530
5246
5817
5621
5321
4102
5442
4686
4616
5226
5300
5847
5259
5624
5369
