4977
5434
5693
4302
5749
5685
5719
5378
4910
5976
5287
4636
4626
4286
4818
4841
4479
4567
4308
4702
5061
4195
4281
5968
4900
4829
5688
4051
5212
4629
4825
4881
5888
4736
5707
4632
4446
5225
5255
5692
4575
4457
5578
4106
4157
5418
5612
4544
5600
5758
5343
5839
5283
5272
4523
5243
5690
4994
5994
5717
4554
5961
4119
5104
4960
5766
4912
5901
5824
5048
5303
4176
4496
5464
4796
4244
5341
4127
5325
5932
5600
5236
5591
5574
5244
5394
4190
4281
5306
4987
5376
4360
4285
4651
5793
4643
5191
5546
5715
4494
5590
5658
4286
5926
4134
4734
5527
5991
4192
5290
4399
5178
4756
4574
5300
5818
5859
5709
5328
5925
4710
5971
4655
5982
4133
