4877
5455
4062
4611
5737
4122
4416
5055
4743
4437
4907
5099
5196
5277
5686
4019
5902
4267
4748
5437
5256
5610
4203
4319
5012
5951
4141
4733
5417
5668
4693
4730
5866
4364
4421
5719
4875
5604
4538
5485
5535
4750
4964
5438
5963
4914
4474
5199
4536
4637
4595
5434
4706
4154
5288
4539
5057
5115
5748
5629
5384
5919
5778
4072
4183
4784
5441
5928
4383
4674
5274
4990
5300
5579
4110
4058
4052
5183
4670
4174
5091
4046
4321
5163
5460
5565
4063
5440
4698
5832
4900
5283
4573
4315
5323
4588
5729
4155
5574
4283
4254
5550
4695
5229
4438
4682
4007
4521
4341
4177
4502
5884
5755
5167
4796
4934
5564
5317
4215
5053
5836
5675
4509
5402
5634
