5176
4520
4519
4756
5695
4613
4122
4057
5856
5708
4033
5537
5063
5226
5925
5347
5334
4522
4494
5388
4954
4898
5421
5520
4616
4792
4924
4794
4323
5990
4030
5670
4474
5980
4027
4362
5438
5068
4543
5262
5959
4382
5465
5988
5176
5116
4728
4465
5001
4995
4353
4420
4558
4028
4408
5159
5257
5879
4072
4909
4414
4846
4606
5412
4142
5108
5731
4966
4315
4020
5465
5374
4199
5081
4431
4467
4383
4144
4596
5647
5046
5530
4653
4728
4995
4501
5741
5898
4775
4933
5414
4627
5894
4670
5226
5549
4642
4928
4587
4402
4504
4070
5881
5160
4149
4429
5581
5287
5434
4288
5823
5689
5143
5651
5378
5305
4548
5054
4611
5994
5562
4712
4000
4847
4691
