4009
4924
5570
5535
4099
5281
4494
4976
5796
5549
5670
5101
5378
4364
5734
4310
4148
5964
4856
4187
4563
5072
5138
4450
4577
5189
5409
4778
5435
5354
5748
4343
4672
4319
5964
4756
4454
5655
4590
5680
5742
4100
4627
4252
4226
5653
4115
5844
5730
4136
4581
4483
5755
5052
4591
4064
5023
5636
5557
4681
5967
5492
4161
5297
4790
4090
5532
5227
5049
5567
5594
5547
5059
5725
5772
5013
5466
4444
5530
5540
4758
4560
5031
4282
4858
5745
4152
4763
4462
4429
5023
5462
4452
5811
4393
4320
4645
4341
5732
4848
4397
4828
5498
5419
4396
4276
4528
5460
5436
5231
4673
5386
4571
4478
5021
5217
4918
4118
5829
5691
5761
4151
4974
4388
5248
