4938
4656
4681
5824
5524
4206
5815
4912
4341
5846
4509
5306
4394
5476
4648
5885
5465
4527
5848
5334
5421
4503
5808
5668
4077
5081
5387
5871
5829
5907
5264
5150
4668
4086
5507
5086
4063
4940
5132
5493
5955
4911
5357
5071
4035
4706
5792
5692
5495
5307
5437
4460
5493
4053
4158
4618
5130
5715
4252
4592
4182
5149
5892
5213
4811
4864
4833
5579
5294
4287
5009
4440
5493
4532
5263
4936
5466
4590
4400
4266
4433
5470
4678
4998
5246
5579
5868
4446
5069
5184
4339
5509
5318
5858
5303
4644
5455
4563
4168
4977
5167
5027
4763
5083
4137
4104
4037
5465
5968
5460
5421
5112
4721
4031
5547
5264
5068
4714
4464
5309
4500
5035
4835
4153
5230
