5025
5203
5551
5143
5524
4188
4512
4811
5112
4116
4200
4737
5655
5733
5345
4241
5414
4017
4492
4190
4189
5072
5254
5281
4728
4333
5670
4881
5381
4409
4920
5244
5790
4910
4242
4651
5848
4917
4484
4689
4032
4385
4209
5937
5092
4953
4291
4738
4520
5794
5791
4470
4008
5750
5028
5659
5766
4880
4182
5631
5932
4071
4561
5784
5137
4797
4072
5474
4465
4840
4769
4038
5174
4154
4880
4834
5036
5653
5375
5806
5985
4662
5889
5233
5929
4289
4143
5594
5769
4571
5929
5951
5409
5301
5773
4422
4810
4319
5749
4758
5983
5317
4626
4218
5369
4371
4946
5362
5572
5027
4239
5996
4129
4320
4239
5655
5996
5030
5410
5709
5129
5471
4902
4639
5180
