5225
5394
4829
5823
5399
5259
4399
4349
4926
4074
5484
5685
5968
5912
5764
4798
4284
5366
4612
5564
4243
4068
5738
5729
5609
4136
4744
5367
5331
5481
5528
4141
5054
5639
4152
4302
4175
4728
5203
5665
5771
4885
4933
5733
5842
4521
4561
4300
4394
4315
5499
5392
4717
5013
5761
5845
4932
5067
4102
4806
4717
4450
5197
5047
4773
5751
5804
5753
4684
5944
4311
5509
4751
4070
4656
5574
5299
5411
4995
5554
5006
4083
4663
5473
5360
4715
4342
4509
4505
4028
5214
5760
4482
5707
5942
4715
5077
4280
4406
4436
4506
5876
4820
4048
5500
4551
5409
5716
5807
5276
5073
5364
5324
5209
5475
5554
4777
4536
4917
4496
5851
4187
5023
4200
5385
