5845
4246
5279
5542
4713
4421
5560
5989
4946
4090
4858
4104
4068
4527
4078
5355
4639
5035
4142
5193
5881
4851
5025
5183
4705
4119
5441
4726
5199
5232
4697
5168
5459
4575
4621
5688
5103
5501
5479
4752
5399
5532
5974
4754
4023
4621
4857
5442
4868
5157
5365
5634
4918
4643
5073
4125
5803
4552
4682
4681
5199
5412
4079
5867
4275
5038
5090
5767
4982
5935
5749
5109
4305
4166
4557
5305
4110
4813
5116
4893
4595
5652
5690
4623
5798
5686
5614
5572
4076
5093
4331
4774
4727
4415
4681
5169
5652
5094
5638
4318
5010
4172
5972
4950
5668
4955
4252
5651
5781
4288
5418
4920
4149
4745
4097
4716
5898
4542
5578
5015
4584
5436
5071
4873
4936
