4194
4751
5934
5407
4618
4246
4957
5682
5401
4816
5450
4667
5659
4888
4011
5820
4150
5235
4524
4296
4900
4502
5740
5014
4054
4917
5808
5661
4345
4629
5441
5470
5460
4120
5103
5633
5139
5217
5368
5552
4720
4691
5036
4178
5112
5939
5585
4832
5495
4547
5490
5885
4013
4844
4393
5192
4242
4171
4757
4908
5585
4871
5112
5743
5090
4546
5733
5470
4631
5515
4475
4109
4892
5313
4751
5075
5484
5092
4743
5887
4796
5991
4757
5845
4944
4528
4975
5505
5280
5058
4683
5456
4563
5484
5740
4935
4027
5865
4386
4917
5302
5334
5987
5337
5153
5544
4702
4816
4377
5048
4570
5529
5226
4103
4662
5288
4776
4532
5775
4783
5712
4602
5129
4914
5893
