4069
5356
4610
4145
5258
5647
5842
4131
5071
4537
5660
4723
5224
4633
5878
4885
4710
5087
5896
4322
5934
5204
4021
5797
5090
5237
4898
5664
4805
4046
5157
4874
5241
4224
5781
4738
4828
4419
4367
4569
4052
4499
5633
4395
5425
5653
5507
5350
5955
5667
5723
4878
4502
4084
4968
5402
5211
4426
5085
5995
5349
4966
5314
4181
5803
5566
4491
5892
5382
4113
4084
5681
5011
4663
5304
5940
5526
4190
5018
5090
5452
4716
5447
4994
5247
5207
5712
5037
4258
5389
5406
4267
5869
5293
4280
5446
5685
5791
5795
5781
5030
4727
4216
5967
5756
5348
4397
5797
4604
5042
4878
5481
4203
5467
4701
4913
4379
4558
4107
4948
4351
4298
4352
5758
5206
