4629
4572
4051
4070
5014
5370
5014
4070
5646
5308
5699
5655
5235
5361
5882
5020
4784
5444
4103
4959
4959
5509
5437
4387
4657
5645
4999
4148
5989
5710
4080
5077
4513
5600
4607
4002
5438
4366
4015
5788
4633
4518
5629
5654
4740
5739
5600
4378
4938
4578
4343
5323
5256
4334
5121
4137
4213
4943
5155
4340
4748
4286
5257
4611
4593
4531
4623
5441
5270
4610
5131
5157
4465
4661
5887
4029
5243
5556
4460
5972
4446
4876
5513
4225
5366
4539
5132
5689
4059
4760
4699
4275
5518
4844
4730
5628
5160
5863
4594
5839
5094
4741
4159
5352
5766
4052
4677
5549
5851
4765
5860
5265
5634
4205
4733
4465
4997
5119
5521
5439
4820
5379
4214
4455
5964
