5190
5054
5570
4101
5361
4065
4619
4133
4464
5084
4730
4116
4266
5565
5756
4097
5920
5721
4097
5946
5389
5821
5684
5219
5834
5029
5840
5053
4552
4822
5446
4506
5025
4122
5430
4452
5065
5238
4749
5278
5881
5736
4482
5401
5754
5009
4444
4791
4672
5967
4270
4213
5062
5752
4542
4706
5511
5350
4140
5887
5785
5066
4403
5174
5255
5619
5538
4253
4713
4728
5246
5000
5359
5607
4078
5285
4894
4402
5144
5667
4170
4832
5129
5517
4805
5743
4240
5110
5232
5435
5327
5783
5322
5554
4297
4972
4984
5839
5209
4177
4118
4238
4393
5308
5920
5457
5626
5367
4074
5311
5650
5885
5885
5103
4123
5435
4637
4231
5156
5277
4726
5168
5100
4624
5455
