5214
5298
4222
4995
5727
5606
4612
4834
4757
4983
4396
4170
5509
5685
4430
4725
5151
5565
4868
4826
5528
5525
5419
4868
4913
5827
4202
4207
5455
5799
4167
5624
5030
4934
5674
5514
4164
4848
4783
4626
5551
5143
5699
4797
5675
4282
5017
4953
4763
4595
5819
5072
4344
4219
4332
4587
5413
4309
4663
5190
5750
4898
4261
5559
4398
4444
5440
5301
4617
4259
5296
5800
4255
5026
5691
4029
5417
4087
5331
4933
5655
4080
5641
5767
4172
5269
4756
4917
5683
5180
4594
5865
5157
5576
4642
4664
4689
5458
4202
5161
5901
5934
5819
5499
5334
4239
4222
5234
5995
4178
5048
5133
4573
5510
4576
4707
5925
4485
4548
4707
4591
4089
5289
5021
4015
