4376
5846
4856
4473
5255
4174
4111
5761
5457
5994
4128
5638
5465
5317
4976
4838
5692
5473
5604
5496
4119
5623
5818
4770
4046
5453
4661
4412
5918
5591
4938
5092
5006
5293
5110
4519
4464
4445
4225
5307
4994
5972
4781
4842
5687
5891
5297
5529
5029
4600
5525
4969
4027
4079
4434
4718
5193
4397
5352
5825
5105
5690
4128
4454
5957
4345
5223
4451
4144
5952
4536
5555
4439
4413
5499
5377
4382
5300
5024
4038
5539
5441
5463
5989
4904
5100
5883
5566
5224
4364
5595
5968
4426
4305
5873
4224
5633
4159
5555
5326
5112
5061
4685
5444
4032
4698
4867
4638
5399
5586
4935
4777
4955
4550
5561
5776
5209
4080
5011
5768
4552
5743
5581
5646
5480
