4447
5182
5574
5673
4019
5733
5577
4934
5307
5592
5219
5517
5374
5241
5048
5323
5362
5426
5158
4370
5345
5033
4700
5127
4845
4293
4075
4917
4076
4355
5429
4192
4927
4396
5328
5706
5648
4912
4017
5514
4092
5426
5060
5453
5380
5013
5587
5077
5286
4379
5354
4755
4375
5380
4808
4005
4916
5660
4694
4328
5417
4327
4949
4024
4845
4022
5401
5275
4599
4784
5224
5074
4339
4719
4061
5872
4871
4885
4782
5055
4935
5538
4442
4095
4792
4406
4332
4419
4284
5343
5772
4136
4513
4027
4788
4066
4906
4427
4568
4232
4776
5658
5073
5728
5026
4278
5561
4225
4239
4402
5142
4080
4477
5400
4177
4227
4416
5481
4239
5581
4835
5237
5138
4756
5643
