4724
4150
5376
5840
4027
4850
5180
4442
5693
4147
4262
5733
5821
4116
4763
5182
5338
4652
4175
4561
4664
5622
4931
5882
5154
4370
5242
4878
4785
4282
5950
5009
5366
5347
5863
5093
5794
5986
5125
4468
5118
5853
4545
5434
5901
4684
5124
5716
4544
4411
4932
5223
4218
4119
5458
5748
4366
5797
4413
4519
5455
5878
4323
5319
4352
4000
5433
4507
5917
4238
5219
5611
4112
4050
4450
4252
4984
4223
5195
5632
5446
5563
4251
4188
4789
5392
5927
4606
5916
5927
5093
4172
4932
5743
5111
4275
4793
4752
5196
4469
5772
4856
5883
5648
5081
4493
4399
4272
4157
4466
5723
4774
5175
4879
5862
4923
4581
4074
5855
4209
4243
5401
5154
5566
4554
