5100
5583
4040
5208
5550
5823
5992
5354
4187
4698
4958
5647
4576
4834
5339
4800
5892
5427
4185
5417
4051
4240
5862
5107
5260
4204
5168
5716
4186
5318
5780
4096
4596
4884
4777
5723
4204
4448
5366
4164
4208
4724
4864
4064
5706
4366
4778
5505
5461
5218
5807
4442
5064
5610
4946
4443
4369
5675
5677
4854
5171
5049
5207
4767
4928
4724
4480
5259
5383
5395
5897
4020
5059
5617
4253
5245
4871
4927
4520
5867
5033
4468
4665
4908
5155
5720
5218
5274
5346
4468
4862
4004
4911
4035
4414
5451
5794
4875
5455
4125
4318
5223
4217
4071
5433
5692
5703
4651
4243
4472
4477
4884
4846
5060
5721
4422
5657
5660
5412
5464
5926
5339
4448
5019
5973
