5621
5095
4706
5948
5093
5322
4687
4822
4368
5882
5652
5297
4203
5612
5291
5336
5034
5286
4041
4717
5238
5764
4381
4735
5169
5021
4322
5580
4147
5454
4213
4482
5927
5759
4684
4002
4450
4662
5901
5187
5136
4457
4142
5857
5152
5816
5098
4634
5082
4729
5034
4225
4955
5669
4739
5578
5076
5534
5915
4849
5297
4769
5047
4007
5831
4744
5591
5458
4709
4972
4033
4429
5156
5518
4805
4956
4516
4854
5612
5329
5909
5119
5541
5299
4388
4578
5857
4691
5357
4729
5766
5671
4291
5973
5813
5699
4910
5672
5243
4865
5873
5603
5785
5302
4491
5920
4517
5643
5189
5242
5630
4092
4939
4667
5476
5420
5505
4933
4812
5264
4975
4701
4331
5418
5811
