5129
5619
4210
4344
4385
4526
5606
4837
5293
4331
5027
4698
4859
4237
5402
5994
5793
4545
5725
4013
4970
5647
4907
5727
5654
4961
5325
5057
5154
4740
4035
4076
4253
5451
4809
5690
4797
5506
4684
4442
5962
5923
5590
4101
4791
5553
5861
4218
5063
5296
4273
5119
5562
5851
4077
4387
4785
5859
4325
5894
5313
5572
5640
4667
4736
4068
4384
5850
4281
4895
5353
4765
4052
4046
4323
5598
5716
4829
5359
4065
4053
4906
5916
5621
4705
4070
4319
4168
5464
4048
5968
4051
4092
5915
5546
4793
4908
5621
4720
5780
4170
5712
4537
4959
4471
4753
5976
5800
5202
5896
4701
5998
4307
4926
4781
4808
5041
5976
4405
4525
5509
4457
5566
5967
5398
