4717
5781
4862
5796
5766
4013
5116
5623
5107
5880
5611
4046
4318
4321
4862
5235
4246
4506
4024
4527
4244
4899
4114
4151
4241
4134
4026
4232
5246
5603
4086
5973
4980
4083
4694
5649
5177
5185
5803
4682
4908
5519
5647
5461
4501
4131
5913
5939
5993
5203
5981
4782
5855
4990
4566
4838
5497
4228
5841
5724
4019
4664
5493
5693
5120
5661
4730
5505
5389
4658
4415
4287
5062
5343
5547
4081
4774
4666
5440
4564
5091
5656
4374
4397
4733
5006
4154
4260
5329
4658
5478
4455
4358
4546
4837
4557
4006
5683
5312
5652
4435
5061
5275
4487
4562
5043
4976
5859
4212
5913
5199
5157
5385
4399
5051
5303
4132
5692
5449
4996
5362
5998
4821
4325
5953
