5027
5631
4064
5959
4124
5400
4174
5557
4705
5446
4881
5639
5255
4051
5678
4840
4865
4897
5697
4951
4341
4858
5994
5210
4968
5266
5547
4627
4724
5930
4343
4267
5765
5092
4290
4853
4104
5867
4625
5974
5131
4686
4595
5946
5401
4878
5507
4090
5574
4862
5589
5741
5289
5938
5124
5603
4535
4475
5612
4900
5076
5820
5702
4866
4321
5526
5522
5417
5273
4295
5147
4987
5705
4700
5344
4928
5593
5697
5906
4710
4168
4023
4123
5199
4401
5806
5191
5491
5724
4931
5446
4211
4523
4508
5941
5849
4453
5179
4841
5955
4670
4146
5710
5335
4573
4852
4396
4137
4491
5053
5072
5563
5231
4739
5507
4705
4638
4467
4430
5652
5608
5407
5283
4682
4180
