5356
4577
5115
5605
4467
5878
4403
4994
4912
5753
5545
5905
5319
5803
4271
5485
5367
5814
5492
5637
4858
4094
4702
5983
5623
4329
4407
5730
4819
5271
5030
5674
5690
5526
4970
5376
5596
4492
4200
4910
5921
4082
4028
5729
4647
4618
5086
5116
4422
4550
4544
4554
5598
4164
5871
5753
4447
4672
4753
4050
5205
5040
4014
5592
5809
5050
5461
4449
4729
5384
4860
5168
5665
4577
4067
5535
5565
4574
5459
4462
4575
5577
4205
5003
4037
5085
5493
4918
5388
5750
4795
4664
4695
4055
4825
5674
5240
5414
4787
5629
4958
5125
5751
5218
5314
4670
4881
5642
4959
5012
4816
4023
4805
4675
4527
4197
5801
5202
4785
5372
5541
4223
5824
4699
4063
