5284
4510
5187
5599
5813
4852
5480
5348
4043
5602
4530
5891
4454
5758
5663
5460
4587
4697
5048
4622
4420
4337
5148
4472
5374
4814
4638
4195
4778
4381
4708
4552
5065
5268
5212
5860
5485
4559
5722
4026
4983
4085
4760
4055
5991
4102
5533
4217
5359
5452
4375
4410
4757
4216
4853
5700
5581
5178
5786
5986
5545
4795
5956
4741
4970
4864
4941
4398
4287
5450
5051
5456
5045
4332
4558
4930
5031
4155
5167
5611
5351
5260
5715
5102
5033
4034
4290
4734
5346
4916
5637
5419
5511
4900
5880
4553
4029
4467
5050
5490
5056
5194
5791
4810
5742
5411
5721
5948
4896
5473
5586
5685
5331
5112
5153
4752
5536
4812
5851
5641
5075
4129
4983
4820
5948
