4896
5736
5608
4383
5464
4978
4387
5789
5218
4267
5618
5338
5821
4008
4151
5132
5388
5343
5874
5552
5388
4840
5468
4440
5821
5605
5905
5753
5944
4645
4273
5005
5214
5625
4011
5755
5058
4439
4782
4063
4961
5030
5980
5231
5266
5739
5430
4646
4451
4500
4006
4079
4768
5323
5369
4076
4780
5186
4765
4117
5405
4440
4734
4975
5019
5328
4519
5247
5498
5639
4773
5285
5777
4863
5777
4690
4587
5708
4096
5852
4043
4364
4230
4295
4404
4495
4942
5705
5582
5944
5192
5269
5230
4438
4636
5563
5867
4114
5572
4161
4273
5483
5180
5319
4803
4804
4520
4952
5935
4116
5757
4629
5757
4331
4148
5193
5213
5204
4776
4658
5674
4355
4772
5356
5572
