4487
4650
4559
4455
4310
4061
5037
4828
5986
4752
4279
4696
4113
4486
5426
5770
5420
4800
5481
5966
5933
4307
4790
4678
4403
4071
5359
5516
4806
5513
5164
4068
4228
5924
5113
4567
4137
4195
5714
5135
4016
4177
5964
4672
4205
4544
4262
5712
4652
4744
5657
5782
4925
4042
4274
5871
4214
4042
4589
5713
4120
5614
5043
5436
4223
4478
5275
4144
5711
4189
4973
5847
4400
4763
5750
5643
4466
4561
4518
5143
5221
4101
5874
5510
5547
5797
4206
5435
4665
4246
4767
5448
4282
4460
5531
4893
5956
5433
5340
5780
4106
5119
4652
5939
4258
4443
5356
5152
5528
4408
5583
4723
5334
4763
5774
4371
5420
4629
4379
4583
5462
4371
5847
4491
4220
