5743
5608
4309
5654
5321
5714
5444
5194
4738
5129
5019
4522
5888
4870
5281
5598
5179
5658
5104
4249
4414
4880
4961
5689
4660
5262
4203
5703
4934
4754
4205
4127
4887
4646
5204
5526
5354
5185
4967
5525
4464
5124
4889
5853
5944
5273
4986
5268
5817
5958
5149
4430
5075
5587
4218
5705
5853
5331
5684
4262
4524
5368
5261
4075
5497
5658
5895
5313
5127
5248
4736
5404
4766
5679
5868
5307
5427
4633
5876
5586
5982
4958
4183
5519
4628
5784
4675
4473
4071
4798
5073
4762
5111
5154
5681
4331
4104
4569
5212
4476
5623
4552
5339
5316
5369
4293
5567
4619
4519
4728
5962
4958
4370
4082
5905
5903
5868
4880
4743
5794
5839
5578
4029
4405
5636
