5405
4950
4032
5066
4548
4247
4440
5438
5250
5920
4471
5030
4417
4926
4112
5610
4471
5273
5474
4060
4623
4010
5744
4098
4495
5036
5384
5457
5290
4253
4267
4068
4539
4918
4797
4611
5344
4331
4384
4087
5388
4365
5397
4770
5770
5657
5096
4873
5409
5765
4914
5872
4143
4673
4740
5989
5340
4485
4551
5030
5625
5287
5266
5640
5629
5624
5486
4786
4680
5228
5002
4682
4533
4740
4788
5830
4268
4614
4768
4830
4303
5555
4754
5763
5045
4661
5727
4249
4652
5633
5395
5843
5726
5462
4299
4303
5060
4058
4072
5690
4530
4531
4840
5076
5656
5102
5377
5658
4359
4043
4713
5814
4992
4555
5114
4061
5707
4461
4162
5733
5796
5026
4802
4182
4168
