5842
5013
4488
4294
4879
4823
5009
4357
4068
4669
4510
4393
5339
4413
5549
4188
5553
5174
5096
4468
5846
4460
4925
5693
5967
5222
5079
4382
5199
4677
5135
5749
5611
4120
4999
5463
4098
5630
5762
4580
5284
4331
5164
5814
5459
4426
5745
4420
4823
4244
4861
5378
5507
4146
4631
5210
5532
5529
5406
4142
4612
5433
5241
4431
4571
4113
5856
4612
4509
4621
5225
4901
5741
5104
5312
5396
5216
5099
5578
4434
4580
4122
4951
5036
4628
5706
4249
4327
4487
5160
4253
5474
5184
4046
5445
5936
4329
5103
5122
4031
5349
4628
5982
4977
5564
5676
4230
4949
4894
5231
5794
4101
5164
4315
4886
5217
4439
5785
4379
5731
5321
4045
4267
5862
5534
