4898
4311
4936
4334
4998
4909
5174
4416
5240
4497
4771
5940
4373
5522
5736
4357
5575
4475
4057
4357
4121
4575
5056
4279
5913
4369
4510
5594
4977
4266
4727
5698
4798
4244
4710
4448
5953
4307
5299
4055
5159
4857
5060
5355
5498
5247
5899
5537
5287
5968
5457
5102
5854
4682
4295
5946
5268
5718
5764
4936
5563
4945
5304
5918
5327
5818
4475
4814
5221
4382
5743
4534
4569
5405
5866
5947
5657
5427
4011
4685
4231
5529
4807
5832
4038
4563
4977
5013
5843
4137
4862
4432
4183
4716
4247
5168
4858
5875
5016
4981
5440
4398
4048
4553
5803
5237
5878
5008
4940
4921
4068
5638
5542
4328
5810
5482
4549
4435
4632
5475
5224
5473
5393
4201
4829
