4296
5126
5430
5124
5381
5088
5174
5849
5995
4247
4330
5380
5648
4455
4367
5928
5245
4942
4087
5908
4476
5112
4652
5688
5143
5734
4523
5675
4438
5734
5782
4413
5536
5471
5202
5672
4260
4282
4451
5212
5309
5966
4519
5462
5176
4656
4180
4423
4911
5988
5007
4327
4482
5994
4426
5408
4454
4398
4222
5533
4113
4268
4433
5359
4859
5558
4599
4419
4606
5261
4402
4651
4272
4758
4618
4367
5003
4026
5001
4600
5326
5799
4152
5731
5739
4413
5958
5422
4755
5908
5668
5353
4532
4719
4702
4625
4998
4788
4747
5469
4847
5719
5852
5158
5011
4659
5781
4487
4756
5666
4778
5135
4269
4910
5000
4857
4300
4640
4332
4725
5278
5203
4832
4599
5066
