5431
5934
5814
4447
4060
5707
5315
5950
5935
4529
4790
5275
4949
5568
4801
4679
4695
5759
4126
4534
5845
5401
4895
4302
5282
5957
4022
5280
4196
4425
4755
4251
5230
4402
4800
4745
4867
5758
4758
5091
4833
4085
4824
4966
4531
4414
4398
4511
4761
4837
4974
4977
4186
4365
5634
4238
4140
5853
5079
4786
4177
5571
4509
4854
5838
4503
5621
5094
5622
4409
5410
4212
4333
5938
4125
4938
4777
5678
4505
5729
5631
4839
4590
5682
4200
5972
5042
5101
5980
5817
5990
4506
4385
5825
4073
5604
5724
5443
5842
4894
4825
5058
5988
4941
5169
4694
5641
5555
5819
5050
5167
4930
4202
5383
5545
4314
5423
5937
4986
4821
5492
5860
5631
4367
4805
