4003
4886
5628
4791
4627
5933
5734
4943
4138
5490
4918
4007
5267
5002
5654
4002
4321
4971
4167
5840
5277
5515
4603
4221
5819
5777
5470
4972
5081
5041
4087
4057
5860
4133
4205
4249
5481
5996
5642
5424
5103
4986
5753
4099
4664
5808
4579
4652
4053
5280
5969
4689
4763
5273
5245
4148
5357
5878
4127
4277
4539
4060
5912
5116
4270
5079
5110
5476
5772
5928
4039
5709
4523
5840
5429
5457
4490
5404
5107
5336
4049
5392
5422
4944
4099
4267
5061
5061
4390
4867
4822
5578
5703
4413
4160
4281
5554
5167
4920
4636
4488
4911
5836
5571
5090
5592
4204
4757
4547
4989
4780
4570
5024
5643
4812
4317
4073
4062
5964
4548
5088
5166
4942
5538
5473
