5944
4644
5338
4628
4992
5630
4783
5270
4367
5822
5159
5711
4191
4508
5681
5277
4710
5497
4055
4284
4708
4630
4783
5363
5551
5002
4072
5200
4527
5645
5831
5377
5199
4323
4435
5959
5812
4454
5826
5097
4646
4845
4668
5283
5348
4186
5485
4989
5437
5757
5546
4303
5324
4376
4222
5953
4438
5718
4827
5895
5288
5132
4313
4066
4771
5513
4592
5325
5855
4922
4961
5383
4261
5975
4293
5821
4654
4680
5559
5209
5151
4692
5675
4416
5530
4923
5515
4150
5551
4206
4589
5046
5239
4854
4834
4311
5198
4416
5295
5608
5787
5024
5217
5262
4609
5294
4547
4326
5684
5099
5562
4486
5023
4869
4428
5798
4222
4038
4335
5592
5011
5825
4261
5553
4746
