4100
5891
4225
4148
4475
5130
4985
5543
5678
4303
5245
4648
5098
4717
5114
4761
5909
5510
4203
4545
5694
4575
5070
4149
4095
4530
4554
5143
5352
5773
5387
5250
5337
5969
4291
5189
5345
5402
4906
5245
4325
5934
4836
4048
4523
4458
4506
5499
4388
4264
5417
5144
5126
4646
5404
4057
5798
5325
5804
4539
4060
5992
5851
4437
4367
5646
4529
4888
5220
4552
5103
5595
4618
5151
5095
5373
5119
5128
4006
4622
5434
4064
4325
5970
5779
5610
5412
5216
5902
5008
4324
5531
4269
5088
5633
4425
4263
5840
5661
4699
4473
5081
4560
4836
4613
5758
5763
4638
5176
4379
5741
4194
4284
5467
5289
4720
5826
4076
5987
5764
5906
5076
5708
5063
4321
