4582
4231
4467
4299
4763
5836
5307
4830
5427
5033
4173
5478
5402
5159
4632
5139
4340
4467
5213
4739
4103
5752
5154
5493
5202
4300
4127
5623
5345
4362
5849
4342
4632
5219
4280
5357
5654
4959
5320
5887
5197
4108
4346
4451
5518
4598
5286
5860
4603
5106
5836
4346
4002
4086
5046
4234
5316
5507
4737
4556
4558
5725
4748
5650
4155
5713
5574
5066
5300
5610
5532
4743
4733
4820
4316
4243
4096
5082
5940
5132
4163
5994
5421
4645
4437
5592
5202
4187
5632
5481
4484
5370
4676
4918
4764
4785
4045
4473
4327
5225
4655
4687
4233
4772
4100
4721
5759
5131
4295
5422
4000
5501
4035
5738
5290
4848
5565
4626
4728
4905
5057
5910
4983
4812
4302
