5653
5138
4668
4153
5175
4616
5044
4136
4547
4319
4896
4775
5886
4917
5711
4100
5589
5689
5982
4025
4092
4440
5194
5711
4331
4417
5244
5321
4539
4759
5891
4953
5148
5627
4154
5609
4836
4129
5120
4442
5434
4927
5120
4695
5548
4827
4026
4750
5491
4115
4153
5339
4319
4800
4552
4003
4172
5480
4076
5372
4705
5656
5472
5897
4551
4323
5374
5065
5949
4522
4071
5976
5606
4473
4346
4992
4726
5914
5032
5836
5159
4931
4312
5230
4656
4578
4308
5804
5434
4113
4229
5701
4169
5119
4110
5743
5097
5229
4724
4488
5583
5262
5794
5149
4319
5167
5806
4092
4019
5007
4906
5895
4973
4485
5566
4893
4261
4230
5491
5504
4537
5996
4029
5771
4264
