5904
5619
4903
5523
4355
4507
5288
4856
5840
5870
4491
4893
5388
5821
4140
5487
5090
5191
4718
4503
5375
4501
4677
5606
5738
4631
5756
5247
5815
4370
5630
4798
4418
4000
4560
5353
4241
4694
5834
4402
5698
5882
4654
4228
5160
4948
5308
4133
5196
4580
4881
4328
4689
5658
5894
5435
5761
5287
5892
5749
4163
4117
4400
4864
4628
4987
4261
4059
5174
5355
5696
4464
5732
4094
5854
5042
4543
5912
5220
5476
4707
5257
5856
5557
4490
4646
4997
5499
4632
5621
4547
4549
5781
5529
4714
5391
5175
4465
4524
5540
4461
5880
4061
4999
4658
5140
4071
5742
5319
4800
4617
4460
5254
5543
4244
4821
4749
5153
4922
4172
5381
5028
4906
5424
5342
