5823
5040
5228
5539
5270
4351
5595
4973
4085
4888
4066
4398
4939
4226
4714
5438
4789
4670
5155
4238
4418
5171
4741
4859
4325
4946
5306
5207
4592
5731
5243
4935
5327
5539
4075
4653
4231
5540
5917
5691
4981
4184
4200
5303
4639
5066
5021
5836
4765
4829
4233
5726
4506
4808
4731
4380
5095
5335
5299
4883
4174
5513
4289
4504
5672
5030
5178
4278
4600
4230
5100
4656
4229
5352
5496
4929
4111
4195
5717
4640
4046
4979
5378
4695
5507
4959
5798
4074
5408
4513
4344
4446
4632
5402
4425
4417
5094
4812
5107
5854
5663
5978
5770
4422
4986
5631
5377
5275
4922
4529
4140
5642
4831
5447
4862
5586
5261
4430
5452
4987
4245
4586
5515
5508
5210
