5746
5466
5197
4448
4825
4386
5031
4418
4933
5750
4031
5559
4384
4198
4924
5799
4845
5664
5338
4981
5064
5025
4035
4154
4616
4662
4081
5764
4845
4258
5613
4006
5110
4745
4189
5410
4931
4110
5193
5783
5725
4031
4253
4287
4864
4408
4680
5312
5268
4014
5843
5756
5910
5402
5171
4231
5020
5746
4196
5524
5440
4752
5272
4197
4334
4175
4643
4883
4779
4942
5102
4321
5406
5837
4130
4601
4860
4212
5861
5017
4197
5016
4257
5824
4667
4174
4321
5953
5983
4141
5482
4987
5227
5442
4015
4684
5279
4003
5455
5243
5178
5027
5148
5622
4684
4729
4530
5079
5285
5430
4164
5767
4110
4545
5326
4102
4784
5815
5224
4617
5455
5656
4574
5034
5561
