5915
4578
4154
4897
4004
5747
4152
4957
5573
4736
5970
5793
4198
4055
4298
4083
4467
4296
4552
4704
4244
4106
4650
4049
4815
5440
4112
5415
5352
4251
5361
4597
4526
4204
5216
5990
4862
5779
4568
5193
4951
4037
5131
4874
5683
4883
4732
4802
5899
4066
4745
4343
5901
4628
4701
5361
4339
5001
4060
4631
4745
5835
5135
4979
4943
5191
5069
4807
5968
4389
4220
5224
5010
4133
5297
4296
5872
5431
4351
4969
4331
4070
5451
5077
5137
4046
4369
5119
4144
4704
5019
4450
4778
4923
5344
5590
4836
5801
4388
4025
4334
4038
5606
5645
4459
4855
5897
5643
4819
5309
4989
4712
5896
5393
4848
5615
5465
4482
4724
4910
5432
5535
4801
4905
4537
