4148
4269
4667
5771
5036
4682
5564
4993
4416
4018
5127
4577
5963
4419
5844
4635
4529
5541
4601
4059
4035
5608
5226
4857
4489
5877
5205
5393
5912
5876
5761
4221
5152
5028
5893
4162
4943
5850
4369
5533
5444
4112
4125
4133
5522
4215
4468
5272
5805
4224
5116
4906
5918
4699
5883
5837
4004
5844
4572
5038
4773
4057
4528
5829
4291
5920
4659
5513
5706
5139
4505
4807
4848
4512
4319
5443
5227
5291
4015
5992
5769
4440
5675
4284
4781
4551
4602
4630
4109
4588
4737
4260
4243
5646
4075
5513
4269
5172
4858
4706
4820
5405
4131
5206
5400
5673
4823
4801
5298
5490
5067
5642
5816
4867
4696
5696
4111
5027
4365
5133
5423
5102
5905
4595
5745
