4079
5084
4715
4487
4786
4313
4267
5720
5491
4481
5547
4189
4479
5704
5588
4344
4428
4257
5864
4732
4216
5591
5011
4323
5073
5172
4264
5303
5913
4703
4548
4823
5271
4260
5638
5930
4013
5309
4753
4847
4942
5906
5393
4967
5245
5546
4732
4603
5553
5653
4584
4661
5789
4050
4066
4118
5289
4264
4398
4784
5966
4609
4596
4036
4526
4088
5770
4700
5583
4737
5216
5457
4132
5578
4274
5980
4394
5175
5044
5792
5416
4841
4848
4742
4425
5642
4393
5965
5223
5372
4219
4149
4378
5045
4188
5011
4947
5861
5255
5338
4177
5982
5613
5817
4429
4405
4890
4463
4736
5574
4553
5984
4038
4348
5070
5599
5163
5227
5206
5273
5032
4157
4975
4200
5602
