4586
4310
5389
5596
4549
4482
4299
4212
5244
4432
4930
4440
4548
5863
4326
5068
4860
5575
4066
4318
4315
4674
4684
5958
5262
4261
4228
5445
5419
4009
4206
4716
4368
4539
5459
4511
4464
5789
4097
4327
5756
5256
5491
4610
4322
5921
4253
4920
5997
5146
4426
4768
4276
5053
5977
4479
4655
5797
5770
4261
5200
4682
4089
5976
4708
5059
5533
5385
5755
4742
4483
4370
4379
5412
5914
5709
5414
5366
4864
5431
5287
5387
5682
5476
4685
5936
5018
5065
5094
4726
4479
5031
5156
4376
5857
4503
5455
5564
4232
4898
4487
4009
5959
5538
4284
4259
5105
5330
4133
5709
5075
4744
5485
5676
4585
5154
5884
4262
4649
4480
4863
4822
4821
5131
4469
