4683
5874
4302
4965
4841
4340
5134
5495
5723
5013
5976
5064
4693
5188
4980
4483
5161
5121
5572
4900
5935
5341
5096
4944
5739
5404
4592
5603
4865
5995
5991
5206
5366
5857
5174
4126
5704
5556
5387
4043
4573
4100
4768
5881
5550
4479
5672
4596
5983
4567
4070
5115
5053
5125
5295
4009
4007
4828
5516
4548
4953
5748
4829
4580
4857
4237
5681
5832
5016
4277
4772
4714
5706
5980
5723
5478
4437
4907
4770
4564
4145
5899
4577
4629
5333
4266
4378
4365
4042
4800
4788
4193
4640
5058
4710
4987
5609
5575
5109
4553
4282
4871
4632
4934
4949
5023
5047
4325
5181
4936
5267
5184
4350
4177
4469
5337
5929
4757
4646
4625
5331
4009
5540
4036
4451
