53.3333
45.0
33.5689
65.285
61.658
42.5856
32.0261
36.6013
32.352900000000005
29.084999999999994
50.9434
39.9293
73.057
35.620900000000006
41.5033
69.8113
41.4508
38.342
39.3782
44.0415
51.0135
70.9845
35.2941
34.3137
59.1195
39.3782
39.8964
37.8238
35.4922
35.8108
35.2941
25.4902
60.3774
44.3005
43.5233
42.228
40.1554
54.3919
60.8108
81.7757
62.439
47.8049
51.7073
49.2683
37.3684
47.3684
41.9075
42.1965
48.2659
47.1098
53.6481
45.9227
52.7897
56.2232
37.3391
37.9195
35.570499999999996
32.2148
53.6913
71.9807
68.599
68.599
48.0226
83.0189
39.7321
44.9772
