55.2632
61.8421
51.2346
56.8182
63.0682
77.5641
58.642
56.1728
74.6914
48.7654
51.2048
62.3457
56.8182
64.19749999999999
74.6914
64.45779999999999
64.28569999999999
50.0
39.5604
48.3516
70.1031
70.4545
69.1358
55.5556
51.2048
76.3736
57.6923
67.5824
69.2308
77.8351
65.43209999999999
70.3704
68.6747
79.1209
48.3516
68.6813
75.2747
85.0515
84.5361
82.5301
57.2414
71.03450000000001
65.5172
71.72409999999999
48.5
55.0
84.05799999999999
74.6377
85.5072
79.7101
67.6923
67.6923
66.15379999999999
66.15379999999999
73.8462
68.0272
72.7891
76.1905
77.551
79.1045
70.1493
64.9254
69.4656
58.8745
87.234
60.8696
