33.5938
41.0156
47.4138
54.5455
56.8182
39.6396
49.2308
51.0769
40.0
48.9231
44.7917
66.3793
63.0682
33.5385
45.8462
44.2708
53.6697
38.0734
39.4495
38.9908
64.9718
60.2273
45.2308
38.4615
47.3958
47.7064
45.4128
46.789
25.2294
72.8814
44.0
37.5385
52.0833
33.0275
50.0
39.9083
51.8349
74.0113
72.3164
83.95060000000001
73.21430000000001
81.5476
74.4048
61.3095
30.522099999999995
35.742999999999995
76.9784
65.4676
74.1007
76.259
54.1667
61.6667
44.5833
56.25
49.1667
44.3548
68.9516
63.3065
58.871
57.5875
57.9767
66.92609999999999
51.6129
66.4596
74.1379
51.5337
