49.3671
58.8608
63.7584
49.1979
56.6845
61.2069
63.5359
74.5856
67.4033
57.4586
54.2254
46.9799
57.2193
68.50829999999999
65.1934
61.2676
66.2921
81.4607
79.2135
67.4157
70.7113
67.9144
66.85079999999999
67.95580000000001
55.6338
69.66290000000001
71.9101
76.4045
65.7303
74.8954
66.85079999999999
79.55799999999999
59.1549
75.2809
78.0899
74.15729999999999
70.2247
71.9665
70.7113
67.91040000000001
69.87180000000001
64.7436
69.2308
71.1538
67.8788
58.7879
82.4645
76.30330000000001
79.1469
79.6209
69.4323
71.179
75.1092
57.6419
55.8952
78.6765
76.4706
64.7059
73.5294
77.53620000000001
68.8406
76.087
56.5854
90.54054
65.2632
58.2938
