40.678
36.4407
37.1429
65.5172
68.96549999999999
69.2308
44.6429
51.3393
46.4286
50.4464
44.1489
43.8095
68.96549999999999
40.1786
50.8929
53.7234
44.9495
44.9495
46.9697
44.9495
79.16669999999999
70.34479999999999
47.3214
45.9821
53.7234
56.0606
54.5455
57.5758
43.4343
74.4048
53.125
54.0179
60.1064
59.596
67.6768
54.0404
46.4646
79.7619
76.78569999999999
92.71523
42.5
37.0
52.5
59.0
42.328
49.2063
78.8618
78.8618
78.0488
77.2358
57.2193
68.98400000000001
51.3369
58.8235
62.0321
82.3077
83.0769
90.76923
85.3846
62.3077
89.2308
86.1538
72.7941
40.4167
89.404
58.8889
