50.2203
27.753299999999996
2.6059000000000054
56.621
65.7534
47.0588
3.789199999999994
3.963399999999993
4.921599999999998
4.399000000000001
3.1037000000000035
2.3097000000000065
68.4932
4.529600000000002
4.529600000000002
3.898600000000002
39.3035
37.3134
32.338300000000004
53.7313
11.075699999999998
50.6849
5.487799999999993
4.747399999999999
3.7472000000000065
41.791
38.3085
29.3532
52.7363
10.995999999999995
4.268299999999996
4.921599999999998
3.141599999999997
46.2687
38.806
33.333299999999994
60.199
11.1554
10.916300000000007
60.8696
1.3699000000000012
1.730400000000003
2.4513000000000034
1.9646999999999935
46.4135
46.4135
66.81219999999999
57.6419
49.345
53.2751
71.831
66.19720000000001
57.7465
54.4601
63.8498
3.4688000000000017
2.438999999999993
3.1075000000000017
3.2882000000000033
47.973
43.9189
46.6216
49.1667
3.4283999999999963
4.579099999999997
46.5608
