2.285499999999999
4.372299999999996
3.4350000000000023
3.090999999999994
3.0134000000000043
2.316900000000004
3.2102000000000004
2.6650999999999954
2.0996999999999986
3.129400000000004
47.0238
2.8474999999999966
3.1531999999999982
3.068799999999996
3.230400000000003
52.381
62.7907
61.2403
64.3411
55.814
4.5274
2.671599999999998
2.6650999999999954
2.826599999999999
50.5952
68.9922
62.0155
68.9922
76.7442
4.499200000000002
3.1092000000000013
2.2209000000000003
51.1905
69.7674
60.4651
67.4419
83.7209
4.357699999999994
4.555700000000002
70.8502
39.5238
40.9524
40.9524
63.8095
48.2234
55.8376
2.3108000000000004
3.3071999999999946
2.946799999999996
2.6500000000000057
17.409499999999994
11.699200000000005
11.420599999999993
16.573800000000006
15.320300000000003
7.2654
8.3249
8.829499999999996
7.8204000000000065
76.2376
45.5446
68.81190000000001
65.035
57.2193
3.453000000000003
5.267099999999999
