63.4483
57.931
59.0361
68.6131
66.4234
59.6154
63.2184
64.9425
58.046
70.1149
44.9438
45.1807
72.9927
69.5402
63.2184
48.3146
57.8947
66.1654
45.8647
41.3534
83.1461
67.1533
77.0115
60.9195
47.7528
82.7068
63.1579
61.6541
64.6617
74.15729999999999
71.8391
64.9425
74.15729999999999
80.4511
75.188
76.6917
72.9323
74.15729999999999
87.0787
89.5522
66.9291
77.1654
81.1024
67.7165
72.549
75.81700000000001
82.1918
86.3014
85.6164
86.9863
47.651
67.7852
71.1409
64.42949999999999
79.86580000000001
82.5758
79.5455
88.6364
82.5758
75.3247
78.5714
81.8182
66.4234
75.1724
90.75145
74.1007
