71.3178
62.7907
48.9474
62.3016
59.9206
54.6448
53.3597
54.1502
45.0593
50.5929
70.3704
60.5263
57.1429
62.0553
57.3123
78.5185
60.6742
71.9101
70.7865
57.8652
67.87559999999999
63.8889
58.8933
55.336
76.2963
70.7865
65.7303
53.3708
64.60669999999999
66.8394
62.8458
64.4269
88.1481
74.7191
70.7865
57.3034
60.6742
79.27459999999999
67.87559999999999
81.33330000000001
73.7705
70.4918
75.4098
76.2295
70.4
68.8
73.2026
64.7059
77.1242
72.549
70.77629999999999
61.1872
73.51599999999999
53.8813
53.4247
67.7419
84.4086
81.7204
77.4194
73.7179
78.2051
70.5128
39.0909
69.7479
86.1538
77.8409
