22.605400000000003
22.413799999999995
24.329499999999996
21.580200000000005
24.5283
22.986800000000002
24.852099999999993
26.0355
29.585800000000006
31.163700000000006
41.7098
27.969300000000004
22.9953
33.925
30.374799999999993
40.9326
32.3077
55.0
49.6154
48.0769
30.3279
23.113200000000006
30.769199999999998
28.599599999999995
37.0466
30.384600000000006
33.4615
37.3077
51.9231
29.713099999999997
31.952699999999993
34.5168
53.6269
37.3077
43.4615
43.4615
61.1538
32.376999999999995
24.795100000000005
48.0969
28.773600000000002
37.2642
58.9623
63.2075
68.75
53.4722
24.198700000000002
23.2372
22.435900000000004
24.0385
45.9834
50.9695
47.6454
47.9224
48.1994
46.2963
39.6296
47.4074
47.7778
85.8156
73.7589
83.6879
58.6957
77.63159999999999
40.0344
34.0741
