42.5087
31.358900000000006
32.197
47.9821
52.4664
52.9851
37.046
36.5617
30.024199999999993
36.3196
44.1379
47.3485
59.1928
34.8668
38.4988
48.6207
50.7163
44.4126
46.9914
43.8395
50.4918
65.4709
33.6562
37.046
54.1379
46.1318
46.7049
49.2837
47.2779
56.7213
33.171899999999994
35.83540000000001
34.1379
44.6991
50.1433
51.5759
46.4183
57.377
47.8689
86.4706
52.0408
44.3878
63.2653
57.6531
52.4664
48.8789
62.6556
68.8797
61.4108
67.2199
58.8745
62.7706
51.0823
53.6797
58.8745
51.5723
40.566
40.2516
50.3145
56.4972
61.2994
62.1469
60.5634
72.5926
59.375
67.5393
