52.9703
49.0099
52.9183
69.1489
59.0426
53.2751
70.7207
56.7568
58.5586
48.6486
39.8467
40.4669
72.3404
60.3604
50.4505
44.4444
39.604
48.0198
66.3366
65.34649999999999
51.773
69.68090000000001
64.8649
62.6126
40.2299
44.5545
47.5248
54.4554
59.901
61.3475
63.5135
60.3604
47.5096
37.1287
50.495
40.099
41.5842
59.2199
59.2199
75.814
55.0943
68.67920000000001
55.0943
57.3585
59.0643
73.0994
63.8211
50.0
60.9756
60.5691
47.2868
41.8605
64.7287
55.4264
55.4264
88.9655
85.5172
83.4483
79.3103
63.587
52.1739
51.087
70.0
72.8814
70.7602
70.0
