52.0
47.6
49.6324
56.1753
53.3865
60.6452
33.81999999999999
33.333299999999994
34.0633
32.60339999999999
30.481300000000005
40.8088
53.7849
40.3893
34.3066
44.1176
33.119
32.797399999999996
45.9807
28.617400000000004
57.4713
49.004
39.1727
38.4428
45.9893
39.5498
31.189700000000002
43.0868
32.475899999999996
57.0881
38.9294
31.873500000000007
38.7701
48.2315
33.4405
37.299
30.546599999999998
54.7893
68.96549999999999
56.2963
65.7303
69.66290000000001
66.85390000000001
73.0337
62.1622
65.9459
46.4832
29.969399999999993
46.4832
40.0612
70.25319999999999
68.3544
67.0886
72.1519
73.4177
61.7647
63.5294
55.8824
65.2941
56.2232
59.2275
57.5107
73.4375
65.0735
48.1108
56.8627
