59.542
59.542
82.9787
57.561
59.5122
65.2893
59.7826
74.4565
67.9348
70.1087
69.7987
70.2128
50.2439
48.913
64.13040000000001
63.7584
74.0933
72.5389
72.0207
64.2487
80.7692
63.4146
59.7826
59.7826
64.42949999999999
67.3575
63.7306
59.5855
61.1399
90.76923
63.587
61.9565
61.0738
69.4301
60.6218
72.5389
79.27459999999999
86.1538
83.8462
64.0909
58.5526
65.13159999999999
66.4474
77.63159999999999
50.5263
55.2632
68.3871
69.6774
67.0968
71.6129
69.4444
76.3889
68.5185
68.5185
69.9074
76.99119999999999
82.3009
80.531
82.3009
64.0625
73.4375
75.0
66.9725
82.48179999999999
71.3287
84.68469999999999
