31.9512
33.41459999999999
42.2156
47.8261
47.8261
38.0368
37.0
35.75
36.25
33.75
36.2007
44.012
51.7787
33.5
37.75
47.6703
62.2222
63.8889
58.3333
49.4444
40.1899
46.2451
30.0
29.75
46.595
55.0
54.4444
66.1111
66.1111
42.0886
29.75
34.25
52.6882
70.5556
53.3333
62.2222
67.2222
47.7848
47.7848
35.44670000000001
27.659599999999998
24.2021
22.340400000000002
40.4255
40.824
36.7041
36.7542
35.799499999999995
33.41289999999999
35.799499999999995
24.299099999999996
30.841099999999997
28.037400000000005
34.1121
33.8785
57.2327
47.1698
42.1384
53.7736
36.962
32.1519
32.9114
60.793
69.47370000000001
49.5495
69.8182
