10.829499999999996
12.288799999999995
68.60470000000001
20.0
21.5
18.2624
11.850899999999996
18.1092
21.304900000000004
22.503299999999996
65.3631
62.7907
22.666700000000006
18.375500000000002
20.6391
51.9553
11.521699999999996
11.087000000000003
12.826099999999997
11.231899999999996
17.997600000000006
18.666700000000006
17.709699999999998
18.508700000000005
72.06700000000001
9.420299999999997
14.420299999999997
12.391300000000001
13.4058
15.375399999999999
17.310299999999998
19.174400000000006
49.162
10.289900000000003
10.7971
12.101399999999998
14.2029
19.5471
17.997600000000006
14.0073
8.7256
13.088399999999993
16.188299999999998
11.136600000000001
19.569100000000006
19.7487
42.2907
55.0661
48.8987
50.6608
80.1325
69.5364
78.8079
79.4702
73.5099
78.6164
72.956
83.0189
83.0189
20.243899999999996
19.268299999999996
21.585400000000007
62.987
23.298199999999994
90.37037
19.047600000000003
