44.6809
40.4255
53.6585
81.0606
75.7576
51.875
34.161500000000004
64.5963
76.39750000000001
68.94409999999999
67.5676
45.122
65.9091
59.6273
85.0932
63.5135
67.7419
83.0645
79.8387
79.8387
74.5223
74.2424
62.1118
75.1553
68.91890000000001
69.3548
84.6774
83.0645
76.6129
83.4395
75.7764
57.1429
54.7297
72.5806
79.8387
83.0645
69.3548
80.8917
77.707
89.2857
61.3793
66.20689999999999
71.72409999999999
67.58619999999999
55.7692
64.7436
76.5957
85.10640000000001
82.9787
76.5957
81.25
88.8889
77.7778
77.7778
84.0278
75.1938
72.8682
55.814
66.66669999999999
54.5455
62.987
52.5974
73.2824
89.5425
70.0
78.7234
