63.1579
67.1053
73.9645
70.3488
65.6977
66.13759999999999
71.3483
63.4831
71.3483
84.2697
71.1409
72.7811
76.7442
73.5955
69.66290000000001
85.2349
76.2238
68.5315
65.73429999999999
69.9301
62.4473
66.8605
71.9101
61.7978
87.9195
74.1259
85.3147
79.72030000000001
85.3147
80.5907
64.0449
73.0337
85.906
86.7133
78.32169999999999
61.5385
77.6224
81.4346
86.9198
81.0056
50.5814
58.7209
66.8605
72.67439999999999
64.2105
60.0
72.5714
66.28569999999999
81.71430000000001
82.28569999999999
70.5
57.0
67.0
69.0
70.0
78.5714
61.6883
79.87010000000001
79.2208
72.8
71.2
68.0
76.1538
74.8252
72.4868
67.8363
