48.8806
38.0597
39.0805
44.6078
40.6863
32.5359
33.1695
33.4152
34.1523
28.0098
28.282799999999995
40.613
52.451
30.712500000000006
33.6609
38.3838
61.1872
42.9224
47.9452
53.4247
61.0577
48.0392
31.941000000000003
32.6781
41.1616
58.4475
60.274
59.3607
51.1416
60.0962
29.238299999999995
33.4152
34.3434
45.2055
49.7717
59.8174
48.8584
64.4231
54.8077
37.7483
45.5399
44.6009
32.8638
40.8451
49.7872
39.5745
44.6483
42.8135
54.1284
44.0367
37.0213
46.383
54.4681
37.4468
47.234
33.19670000000001
40.9836
45.9016
40.1639
58.2474
60.3093
49.4845
85.56700000000001
57.5092
44.6866
53.2567
