58.5366
68.2927
62.7119
56.2738
55.1331
49.5614
75.53190000000001
68.617
69.68090000000001
77.6596
35.473
55.9322
69.5817
76.5957
73.9362
50.3378
46.4
40.0
42.4
44.8
70.1031
60.8365
88.2979
85.10640000000001
48.3108
44.0
43.2
45.2
45.2
59.2784
80.8511
82.4468
45.9459
46.8
46.4
44.8
46.4
65.9794
74.7423
71.73910000000001
64.1618
67.05199999999999
59.5376
62.4277
56.6667
52.8571
58.0913
55.6017
56.0166
56.8465
42.0863
41.0072
46.7626
47.1223
47.482
61.9355
78.7097
80.6452
76.129
81.1024
81.1024
85.0394
59.887
53.8462
58.6081
65.6716
