43.7086
42.3841
37.4408
36.1963
59.5092
43.125
52.1127
49.2958
53.9906
52.1127
33.4842
34.1232
55.2147
68.07509999999999
47.4178
41.629
67.6923
63.8462
53.0769
63.8462
54.0541
53.3742
63.3803
60.0939
54.2986
70.7692
63.0769
61.5385
66.9231
60.0
54.9296
57.7465
31.6742
72.3077
53.8462
66.9231
73.8462
69.72970000000001
75.1351
78.1457
46.8182
47.2727
48.1818
52.2727
39.7661
40.3509
75.5556
79.2593
77.7778
79.2593
52.4691
64.19749999999999
59.8765
56.7901
51.2346
68.3128
45.679
46.5021
63.786
45.679
40.7407
46.2963
54.1353
81.3492
67.5127
65.1163
