58.9928
56.8345
57.5758
72.67439999999999
54.6512
34.632000000000005
42.5121
48.7923
50.7246
42.029
63.1373
44.4444
63.9535
42.9952
49.2754
61.9608
54.1667
55.3571
54.1667
63.0952
58.4158
68.60470000000001
42.5121
54.5894
56.0784
57.7381
51.1905
51.1905
66.0714
59.4059
36.715
51.2077
61.9608
66.66669999999999
50.5952
54.7619
60.119
64.35640000000001
61.8812
79.5238
55.4945
56.044
57.1429
56.044
62.069
59.3103
74.23310000000001
70.5521
80.3681
75.4601
46.7337
47.2362
44.7236
42.7136
44.2211
49.7908
51.046
43.5146
45.1883
59.3333
74.66669999999999
70.66669999999999
52.9801
72.2727
72.0812
57.277
