35.0158
37.8549
41.2186
30.210300000000004
28.298299999999998
14.586100000000002
13.499099999999999
12.699799999999996
12.433400000000006
11.811700000000002
59.9138
50.1792
26.386200000000002
15.008899999999997
12.167000000000002
45.6897
67.36840000000001
60.5263
62.1053
68.9474
57.7114
24.283
12.433400000000006
11.190100000000001
49.569
73.1579
70.52629999999999
72.1053
63.1579
66.16919999999999
11.3677
9.147400000000005
60.7759
80.0
78.4211
73.6842
72.63159999999999
56.7164
55.2239
11.454800000000006
71.0843
75.9036
69.2771
59.6386
51.9685
53.5433
21.824700000000007
25.223600000000005
27.1914
26.833600000000004
16.131600000000006
12.921300000000002
13.7239
17.4157
15.329099999999997
24.050600000000003
24.954800000000006
28.571399999999997
27.486400000000003
15.3061
14.577299999999994
21.428600000000003
55.1913
15.852400000000003
86.6667
11.734300000000005
