39.0476
34.285700000000006
38.4354
52.1978
40.6593
42.2642
46.3731
46.114
41.1917
39.8964
47.929
44.898
51.6484
54.9223
57.772
49.7041
64.63409999999999
67.68289999999999
66.46340000000001
67.68289999999999
50.8861
51.9231
42.228
47.9275
51.7751
78.6585
60.3659
67.0732
68.2927
40.0
34.1969
46.3731
56.213
68.2927
65.2439
55.4878
70.7317
55.1899
47.5949
41.0127
61.0778
61.0778
65.2695
67.66470000000001
41.7476
41.1003
63.6792
70.283
73.1132
72.1698
67.4286
73.71430000000001
69.1429
70.28569999999999
72.5714
71.9745
58.2803
56.6879
69.1083
61.0465
68.60470000000001
68.60470000000001
58.7444
62.3333
56.1798
58.7537
