70.303
58.7879
66.66669999999999
61.0778
71.8563
71.8391
56.25
57.1429
43.75
41.0714
43.0851
38.0
77.8443
51.7857
53.5714
70.2128
48.0769
44.8718
46.1538
57.6923
72.91669999999999
71.2575
53.125
63.3929
71.8085
44.8718
46.1538
58.9744
63.4615
80.20830000000001
40.1786
55.8036
63.8298
58.9744
53.8462
50.0
62.8205
72.39580000000001
76.04169999999999
62.1739
41.9355
69.12440000000001
57.1429
63.5945
55.1515
50.303
58.3333
65.41669999999999
65.41669999999999
70.41669999999999
65.76089999999999
70.6522
69.0217
69.5652
70.6522
62.6126
52.2523
58.5586
42.7928
61.3065
56.7839
51.7588
62.5731
58.4906
87.5912
68.6813
