67.8161
62.069
60.6383
69.0608
74.0331
57.9439
63.1579
57.8947
60.0
63.6842
44.7368
47.8723
61.326
64.2105
70.52629999999999
72.807
63.6364
66.66669999999999
73.9394
71.5152
60.1124
76.2431
77.8947
60.5263
69.7368
47.8788
41.2121
47.8788
63.0303
78.0899
66.8421
74.2105
54.8246
61.8182
53.9394
61.8182
56.3636
67.4157
61.7978
78.28569999999999
75.52080000000001
69.27080000000001
78.125
74.47919999999999
50.0
46.9697
77.2727
85.7955
72.1591
75.0
67.0455
71.5909
67.0455
69.8864
72.1591
51.2658
57.5949
62.0253
67.0886
58.8235
66.47059999999999
67.6471
64.47370000000001
68.0473
69.6203
71.4286
