40.8163
39.7959
49.3976
56.6845
57.754
58.9595
45.7031
43.75
57.8125
51.1719
37.3272
40.3614
69.5187
50.0
58.2031
48.8479
47.3988
54.3353
36.9942
46.8208
68.5279
63.6364
44.9219
42.1875
52.5346
49.1329
43.9306
52.6012
43.9306
67.0051
41.0156
50.3906
48.3871
47.3988
43.3526
46.2428
43.9306
72.58879999999999
88.3249
76.8707
51.2658
48.7342
44.3038
56.962
38.4106
44.0397
67.1875
67.1875
76.5625
71.875
77.9487
61.0256
70.7692
67.17949999999999
74.87180000000001
51.1111
65.5556
67.7778
57.7778
58.7413
62.2378
51.7483
75.6614
63.3858
54.4118
56.4854
