32.4324
25.525499999999994
1.740799999999993
4.084500000000006
5.0234999999999985
3.4129999999999967
33.650800000000004
30.158699999999996
30.476200000000006
27.936499999999995
1.7527000000000044
1.9342000000000041
5.492999999999995
34.92059999999999
43.8095
2.316100000000006
42.6295
35.8566
43.4263
37.4502
94.59459
5.0704000000000065
34.6032
44.127
2.2378999999999962
42.2311
43.8247
48.2072
35.458200000000005
87.3874
32.063500000000005
33.650800000000004
2.018799999999999
49.4024
49.8008
50.5976
41.4343
92.79279
93.69369
2.8216000000000037
49.4585
53.0686
55.9567
57.0397
1.1478000000000037
2.2642000000000024
7.578699999999998
7.385999999999996
6.743700000000004
6.037300000000002
33.5312
25.5193
34.71810000000001
30.860500000000002
26.706199999999995
9.884200000000007
8.726600000000005
10.062299999999993
8.548500000000004
3.477000000000004
3.3055999999999983
2.228200000000001
1.681200000000004
1.3504999999999967
87.7698
2.987700000000004
