29.661
27.5424
31.5556
35.135099999999994
29.937600000000003
30.892399999999995
56.7227
41.5966
44.1176
47.8992
38.0597
33.5556
36.3825
55.042
47.479
30.596999999999994
33.673500000000004
25.102000000000004
23.265299999999996
26.9388
37.0717
30.1455
64.28569999999999
61.3445
38.0597
33.265299999999996
29.795900000000003
27.7551
28.979600000000005
54.5171
71.4286
64.28569999999999
29.477599999999995
31.020399999999995
30.0
33.8776
28.979600000000005
49.8442
45.1713
60.8939
24.465599999999995
28.503600000000006
25.4157
27.078400000000002
43.0279
56.9721
29.708699999999993
38.835
32.4272
35.92230000000001
57.3276
53.4483
59.9138
66.8103
70.2586
35.135099999999994
41.3514
38.9189
40.5405
37.963
34.0278
36.3426
37.6176
47.482
34.472899999999996
71.4894
