40.4332
36.1011
46.3918
69.3798
74.4186
50.3937
47.3896
62.249
57.4297
57.4297
48.659
55.1546
61.6279
62.6506
55.4217
49.4253
64.1791
71.1443
69.6517
76.6169
55.1205
68.60470000000001
64.6586
71.0843
48.2759
59.7015
58.7065
59.7015
65.17410000000001
66.8675
64.6586
58.2329
55.9387
63.6816
62.1891
47.7612
47.7612
60.5422
59.3373
72.4868
79.5181
48.7952
57.2289
61.4458
51.6129
54.4355
76.1029
65.80879999999999
67.6471
65.0735
76.6839
81.8653
76.6839
71.5026
73.57509999999999
56.5359
34.6405
42.1569
38.2353
42.0074
42.3792
44.6097
61.7647
47.3239
44.4882
59.0
