55.0898
59.2814
46.8085
46.0784
47.0588
64.0625
32.425700000000006
36.3861
39.1089
28.960400000000007
27.392700000000005
42.9078
58.1699
41.8317
36.6337
43.2343
40.3941
60.0985
47.7833
47.2906
42.5676
57.5163
33.663399999999996
37.6238
51.8152
45.8128
56.1576
54.6798
50.7389
59.7973
31.435599999999994
31.9307
47.5248
55.1724
64.0394
45.3202
57.1429
60.8108
55.4054
28.2851
30.9589
39.1781
42.4658
43.0137
79.0698
73.95349999999999
35.6627
35.9036
35.1807
41.9277
30.990399999999994
40.8946
31.629400000000004
35.1438
37.3802
68.78790000000001
45.7576
63.6364
41.8182
49.3776
49.3776
48.9627
34.926500000000004
59.2593
69.395
63.4058
