54.0541
53.3784
49.711
74.2647
67.6471
37.4233
57.9787
52.1277
52.1277
58.5106
39.548
52.0231
78.6765
53.1915
52.6596
40.678
61.9835
62.8099
65.2893
55.3719
65.1899
69.8529
65.9574
63.2979
54.2373
67.76859999999999
62.8099
55.3719
68.595
79.74680000000001
59.0426
55.8511
62.7119
76.8595
57.8512
60.3306
70.2479
65.8228
91.13924
68.5393
42.3729
48.5876
50.2825
48.5876
43.3526
42.1965
60.7143
69.0476
71.4286
69.6429
75.188
64.6617
72.1805
71.4286
77.4436
63.0137
73.2877
65.0685
68.4932
80.7692
87.6923
83.0769
71.5517
69.33330000000001
82.2222
81.25
