44.0909
44.5455
45.3202
49.1525
67.7966
60.4563
61.8421
60.5263
59.6491
64.9123
48.1865
49.7537
66.1017
74.56139999999999
79.386
63.7306
67.72149999999999
57.5949
81.0127
74.0506
74.8538
69.4915
78.0702
67.54390000000001
47.6684
73.4177
53.7975
68.9873
81.0127
75.43860000000001
70.614
81.1404
48.7047
65.8228
48.1013
60.7595
74.6835
76.6082
87.1345
50.0
61.1111
66.66669999999999
68.254
69.0476
50.7874
43.7008
84.252
80.315
88.9764
88.9764
75.3623
90.57971
89.8551
66.66669999999999
74.6377
59.0476
61.9048
57.1429
61.9048
46.8085
64.3617
52.1277
83.10810000000001
69.8565
72.7273
59.4017
