37.013
50.0
54.2254
59.6026
71.5232
67.1533
51.3812
53.5912
45.8564
52.4862
41.3462
57.0423
62.2517
64.6409
51.9337
43.2692
58.8652
58.8652
60.9929
65.9574
71.9745
62.9139
60.221
59.6685
48.5577
64.539
73.0496
59.5745
67.3759
77.707
61.8785
58.5635
55.2885
75.8865
63.1206
56.7376
70.922
74.5223
78.3439
78.1457
49.6933
50.3067
38.6503
57.0552
75.53960000000001
69.0647
78.5185
80.0
79.2593
81.4815
79.43260000000001
80.1418
78.7234
81.5603
82.9787
70.5426
70.5426
70.5426
76.7442
62.963
68.1481
74.0741
76.4286
89.375
72.9927
82.8125
