12.875200000000007
13.665099999999995
41.0256
11.387900000000002
13.701099999999997
22.064099999999996
11.797300000000007
14.4893
13.459999999999994
10.293000000000006
60.8696
72.3077
12.277600000000007
11.559799999999996
11.322199999999995
85.0932
81.8182
89.2562
80.1653
80.99170000000001
81.1688
14.857699999999994
13.380799999999994
12.9058
67.7019
73.55369999999999
90.08264
83.4711
60.3306
87.6623
9.817899999999995
11.876499999999993
86.9565
81.8182
78.5124
76.0331
78.5124
83.7662
88.961
29.583299999999994
15.9332
17.450699999999998
21.851299999999995
22.61
25.363799999999998
23.4927
83.0645
82.2581
81.4516
83.0645
84.3284
82.8358
78.3582
79.8507
79.8507
21.337100000000007
15.362700000000004
22.617400000000004
17.6387
28.571399999999997
27.832499999999996
25.123199999999997
11.710400000000007
16.502499999999998
41.1003
14.491699999999994
