38.8535
47.1338
38.3966
63.3663
59.901
70.8861
63.253
52.4096
55.4217
57.2289
33.790000000000006
49.3671
70.297
46.988
37.9518
55.7078
77.0992
65.6489
64.1221
62.5954
51.7375
72.7723
63.8554
53.012
42.4658
48.855
65.6489
60.3053
58.0153
47.1042
48.7952
63.253
47.032
59.542
69.4656
70.229
62.5954
60.2317
54.0541
65.27199999999999
38.9831
41.8079
45.7627
46.8927
41.1255
55.8442
80.9524
78.5714
76.9841
79.3651
71.25
61.25
71.875
64.375
66.25
52.8571
61.9048
65.71430000000001
74.7619
66.93549999999999
72.5806
74.1935
73.6842
84.3575
80.59700000000001
69.3878
