13.626800000000003
18.4486
25.407200000000003
35.7341
33.795
21.875
34.878600000000006
38.4106
27.5938
32.229600000000005
23.0548
29.6417
31.024900000000002
22.9581
23.399600000000007
33.1412
34.7222
35.2778
34.7222
31.9444
62.8272
33.795
24.282600000000002
35.0993
32.564800000000005
31.666700000000006
23.888900000000007
25.833299999999994
21.9444
70.6806
28.697599999999994
25.827799999999996
29.1066
21.388900000000007
23.888900000000007
26.388900000000007
28.333299999999994
61.2565
79.5812
35.7778
47.8022
53.2967
41.7582
41.7582
25.782700000000006
16.574600000000004
63.1016
65.77539999999999
54.5455
64.1711
74.0741
75.6614
65.07939999999999
58.7302
58.2011
38.1773
24.630499999999998
25.123199999999997
24.384200000000007
36.965
35.40860000000001
33.073899999999995
50.0
46.3768
41.7311
37.1951
