4.532499999999999
4.025400000000005
3.944500000000005
18.267700000000005
21.889799999999994
64.8649
3.8263000000000034
4.239900000000006
3.2746999999999957
4.1710000000000065
4.5541999999999945
3.554400000000001
22.6772
3.3781000000000034
3.8606999999999942
4.602099999999993
5.230900000000005
4.4298
5.230900000000005
5.089500000000001
72.1519
20.0
3.9642000000000053
4.033100000000005
4.362399999999994
4.288399999999996
5.089500000000001
5.230900000000005
6.1263000000000005
85.443
3.1713000000000022
2.6543000000000063
4.937700000000007
4.099900000000005
4.900999999999996
5.5137
6.267700000000005
85.443
84.8101
80.66669999999999
4.462500000000006
3.680800000000005
4.397400000000005
5.1791999999999945
9.073499999999996
9.742099999999994
69.5
82.5
73.5
66.0
78.453
87.2928
72.3757
82.8729
74.0331
72.6562
71.0938
74.2188
74.2188
70.3125
65.10419999999999
51.5625
6.2686999999999955
6.767300000000006
66.66669999999999
12.677400000000006
