18.780500000000004
17.0732
34.536100000000005
38.3333
38.3333
35.9684
50.6787
43.4389
57.9186
71.0407
37.1951
34.278400000000005
30.5556
51.1312
63.8009
35.06100000000001
43.75
48.4375
46.3542
43.75
53.8028
46.1111
51.1312
53.8462
33.53660000000001
39.5833
51.0417
50.5208
41.6667
55.2113
53.3937
61.5385
28.0488
35.9375
51.5625
43.2292
29.6875
63.662
58.0282
67.6923
71.2644
65.5172
80.4598
26.436800000000005
43.1227
54.2751
48.6989
50.1859
37.1747
37.9182
42.1918
38.0822
35.0685
30.6849
34.2466
74.4828
77.2414
74.4828
79.3103
72.7273
37.5
43.75
39.1167
37.9052
66.19720000000001
73.9362
