50.7246
65.94200000000001
39.6419
45.4545
46.4646
28.3951
39.0029
37.5367
45.1613
34.6041
36.5297
37.5959
56.5657
34.310900000000004
33.4311
41.0959
80.5369
65.1007
62.4161
73.8255
65.3409
47.9798
34.0176
32.5513
41.0959
71.8121
76.5101
68.4564
75.1678
80.1136
32.5513
44.5748
47.9452
73.1544
72.4832
72.4832
71.8121
84.0909
71.0227
27.644199999999998
29.807699999999997
32.2115
45.9135
40.1442
29.629599999999996
25.9259
55.516
53.7367
64.7687
55.516
71.4286
75.3247
82.4675
74.6753
73.3766
37.8505
44.3925
50.9346
55.1402
65.2632
45.7895
38.4211
36.8182
39.2405
66.5
46.6165
