62.8931
57.2327
15.521600000000007
11.419799999999995
11.296300000000002
82.4675
27.4084
22.116699999999994
21.980999999999995
21.0312
23.5398
16.666700000000006
11.543199999999999
18.181799999999996
18.181799999999996
23.716800000000006
71.6129
54.8387
41.2903
43.871
34.1772
10.864199999999997
23.6092
22.659400000000005
19.292
46.4516
56.7742
54.8387
74.1935
40.7595
24.558999999999997
20.624200000000002
20.354
59.3548
43.2258
63.871
84.5161
39.7468
37.4684
22.037000000000006
21.875
17.361099999999993
19.907399999999996
21.1806
13.2911
24.050600000000003
40.0
40.5634
40.5634
36.0563
33.419
34.4473
26.478099999999998
28.277600000000007
33.162000000000006
20.257800000000003
19.521199999999993
19.337000000000003
23.941100000000006
63.5802
72.8395
67.28399999999999
16.0505
19.1074
16.191599999999994
74.8387
