22.965100000000007
41.5698
29.100499999999997
29.276300000000006
48.6842
38.7097
20.6169
19.480500000000006
21.266199999999998
18.831199999999995
45.977
37.5661
49.0132
22.0779
23.701300000000003
42.1456
37.1608
38.4134
46.3466
41.1273
46.3768
34.868399999999994
17.370099999999994
19.480500000000006
52.4904
41.9624
34.8643
43.6326
40.0835
41.7391
21.428600000000003
21.590900000000005
52.4904
38.2046
34.238
42.1712
45.7203
45.2174
49.2754
50.7788
50.4425
42.9204
50.0
48.6726
38.0851
31.489400000000003
66.01939999999999
58.7379
77.6699
68.4466
36.9565
39.7516
40.0621
37.5776
44.7205
37.9653
35.98009999999999
37.2208
36.7246
32.8904
27.574799999999996
23.587999999999994
16.236199999999997
47.486
31.477500000000006
31.236900000000006
