45.0382
39.6947
44.3299
76.3359
79.38929999999999
49.6212
64.66669999999999
60.0
72.0
60.0
52.521
35.3952
71.7557
60.6667
66.66669999999999
48.7395
73.913
82.6087
86.087
79.13040000000001
81.1189
70.229
59.3333
66.0
63.0252
76.5217
61.7391
51.3043
71.3043
81.8182
76.66669999999999
71.33330000000001
47.479
66.9565
57.3913
42.6087
73.913
86.014
86.014
39.3836
78.81360000000001
74.5763
76.2712
71.18639999999999
70.3704
44.856
74.6269
68.6567
66.4179
85.8209
66.1836
51.6908
61.8357
63.7681
66.1836
53.2338
70.6468
66.16919999999999
71.6418
65.04849999999999
77.6699
68.932
45.6376
60.6965
66.20689999999999
85.0877
