62.3932
69.2308
14.959900000000005
24.2718
22.8155
18.2624
30.586100000000002
31.135499999999993
23.626400000000004
30.402900000000002
9.343100000000007
17.8985
22.9773
27.2894
31.501800000000003
12.4088
52.193
59.6491
57.8947
55.7018
23.7354
23.9482
32.6007
31.318700000000007
10.7299
71.49119999999999
63.5965
64.0351
64.9123
22.5681
34.2491
33.333299999999994
11.605800000000002
65.7895
56.5789
51.7544
59.2105
19.195800000000006
21.660200000000003
18.450199999999995
19.846199999999996
16.0
17.230800000000002
18.4615
15.995999999999995
14.688100000000006
28.840599999999995
26.521699999999996
29.130399999999995
25.217399999999998
60.8527
54.2636
67.0543
66.66669999999999
64.3411
21.300799999999995
26.341499999999996
26.829300000000003
24.878
21.869500000000002
24.8677
18.518500000000003
17.507000000000005
13.0886
39.2996
25.437399999999997
