59.3333
48.6667
54.0146
54.5946
51.3514
56.1644
64.2534
64.7059
61.086
66.9683
60.7595
64.96350000000001
65.9459
57.4661
61.086
81.0127
72.51910000000001
58.0153
67.93889999999999
67.93889999999999
71.5232
56.7568
58.371
61.991
67.0886
83.9695
74.0458
68.70230000000001
77.0992
64.2384
54.7511
58.371
51.2658
82.4427
71.7557
70.229
76.3359
75.4967
74.8344
76.1006
69.87180000000001
67.3077
57.0513
62.1795
51.0417
50.5208
71.4286
69.1729
66.1654
63.1579
76.4706
40.5229
66.01310000000001
56.2092
72.549
49.4624
40.3226
61.2903
60.7527
45.3901
47.5177
48.227
71.4286
71.0843
83.2298
53.5714
