40.2715
58.371
53.4653
56.1753
58.5657
78.5235
55.9322
57.9661
63.0508
54.5763
37.551
59.901
54.5817
57.6271
65.7627
37.9592
39.1667
50.0
47.5
42.0833
81.0651
55.3785
51.1864
52.5424
35.102000000000004
41.25
47.9167
42.0833
40.4167
84.6154
62.7119
61.0169
46.1224
37.9167
49.5833
40.0
42.0833
79.8817
78.6982
73.743
68.96549999999999
80.6897
75.8621
80.6897
65.0
50.5
65.83850000000001
77.01859999999999
66.4596
72.0497
70.0565
68.92660000000001
77.4011
54.8023
60.452
70.7602
66.66669999999999
79.5322
66.08189999999999
71.6418
70.1493
68.6567
71.3415
85.6209
62.7986
58.7629
