47.8632
54.7009
65.2778
83.6207
88.7931
56.9444
64.7887
76.7606
73.2394
64.7887
52.1739
65.2778
81.8966
71.831
79.5775
75.3623
80.7339
74.31190000000001
79.8165
77.9817
77.1429
79.3103
62.6761
59.1549
66.66669999999999
70.6422
74.31190000000001
87.156
85.3211
85.7143
57.0423
67.60560000000001
60.1449
70.6422
76.1468
90.82569
85.3211
83.5714
92.85714
67.3611
52.7027
57.4324
54.0541
57.4324
57.6159
59.6026
80.4348
76.8116
76.8116
81.8841
80.6202
82.9457
82.1705
84.4961
89.1473
67.3469
57.8231
63.2653
67.3469
58.6207
48.2759
74.1379
77.0
84.3284
87.8788
79.28569999999999
