16.139200000000002
18.3544
18.8095
24.358999999999995
21.428600000000003
54.6875
36.9128
40.9396
36.5772
31.879199999999997
35.9517
17.381
27.472499999999997
39.9329
31.879199999999997
46.2236
22.5
23.863600000000005
25.2273
28.863600000000005
39.6552
27.472499999999997
40.2685
41.2752
38.9728
32.2727
27.045500000000004
26.363600000000005
30.0
36.8966
34.5638
34.8993
48.3384
30.0
25.681799999999996
32.045500000000004
27.7273
46.8966
42.7586
56.3707
40.5204
46.4684
40.5204
37.9182
51.1765
54.1176
61.5854
57.9268
56.7073
63.4146
25.092299999999994
22.878200000000007
22.878200000000007
23.616200000000006
26.199299999999994
24.236599999999996
21.1832
16.030500000000004
21.1832
38.9286
30.714299999999994
31.428600000000003
31.554500000000004
36.9668
84.1176
49.0066
