44.3182
46.5909
70.0
62.8019
72.46379999999999
43.9024
66.66669999999999
63.6816
49.2537
63.6816
62.0
75.5556
67.6329
75.12440000000001
59.204
75.5
66.2577
42.9448
67.4847
68.71170000000001
57.3394
69.5652
67.1642
79.1045
59.5
64.41720000000001
55.2147
49.6933
67.4847
72.47710000000001
70.1493
67.1642
73.5
63.8037
74.23310000000001
78.5276
80.9816
72.9358
84.8624
91.25
56.2963
60.7407
63.7037
55.5556
54.902
66.1765
80.2721
82.3129
78.91159999999999
74.8299
52.6627
57.9882
54.4379
43.1953
49.1124
43.8596
49.7076
55.5556
46.7836
63.3094
76.259
74.1007
57.9365
64.1892
75.1592
66.1836
