18.397599999999997
34.71810000000001
44.4444
51.0309
57.732
30.2521
44.8529
36.0294
34.191199999999995
35.6618
32.653099999999995
39.4265
69.0722
43.3824
46.3235
32.653099999999995
45.749
44.9393
45.3441
48.9879
64.5
55.6701
47.0588
40.4412
34.0136
55.4656
59.919
48.583
55.4656
50.0
42.2794
52.5735
36.0544
61.5385
48.9879
53.0364
49.3927
52.5
60.5
22.352900000000005
50.1901
45.2471
45.2471
41.8251
30.444999999999993
14.754099999999994
61.7021
65.2482
58.8652
65.2482
65.36590000000001
48.7805
57.0732
64.3902
75.6098
31.428600000000003
26.753200000000007
24.1558
26.493499999999997
43.75
50.0
46.5909
58.7879
59.5652
62.8664
48.8746
