29.1391
36.0927
37.6623
50.8065
43.5484
42.5606
41.6327
40.4082
47.3469
48.1633
37.2951
35.9307
48.3871
43.6735
52.2449
36.4754
60.3774
43.3962
42.4528
50.9434
56.1538
45.1613
38.7755
47.3469
34.8361
52.8302
50.4717
59.9057
58.4906
54.6154
40.0
53.8776
34.426199999999994
50.4717
63.6792
60.8491
61.3208
47.1795
44.1026
47.8431
40.4624
52.0231
60.6936
61.8497
44.1558
27.705600000000004
46.1224
45.7143
48.1633
51.0204
58.5774
41.4226
50.2092
49.7908
35.564899999999994
55.4913
54.9133
57.8035
50.289
42.7966
28.813599999999994
45.339
64.1026
53.1818
31.516599999999997
64.5
