45.3125
41.4062
64.3678
75.8621
71.03450000000001
52.5084
59.8662
53.1773
51.505
57.8595
69.8864
71.2644
72.4138
58.8629
61.204
59.6591
70.8609
56.9536
69.5364
70.8609
62.6374
70.34479999999999
58.5284
63.5452
59.0909
70.8609
67.5497
68.2119
77.4834
71.4286
54.1806
53.8462
66.4773
76.1589
76.8212
78.8079
69.5364
67.033
76.3736
63.3466
76.0766
75.5981
73.6842
68.4211
64.15090000000001
49.6855
45.2308
55.0769
59.0769
67.6923
60.4444
63.1111
63.1111
49.7778
47.1111
63.0363
70.297
61.3861
58.0858
58.2192
72.2603
57.8767
54.4828
76.7773
94.40559
64.8551
