60.8889
66.66669999999999
49.8489
55.9524
58.3333
57.0
46.0641
47.5219
43.4402
44.898
35.9504
39.8792
67.8571
34.6939
47.2303
43.8017
57.1429
57.1429
77.551
59.8639
47.1074
72.619
49.5627
44.0233
45.0413
61.2245
72.1088
66.66669999999999
61.9048
68.595
46.6472
44.898
39.6694
68.7075
61.9048
72.7891
63.9456
65.2893
63.2231
62.4454
64.1577
52.3297
47.6703
58.7814
35.051500000000004
31.958799999999997
66.9145
63.9405
65.7993
58.7361
53.8194
50.3472
41.6667
54.5139
43.0556
54.1353
52.6316
53.0075
57.1429
51.8219
46.1538
52.2267
49.5146
52.0619
62.7907
45.0237
