40.8805
60.3774
48.1481
76.2295
75.4098
64.82759999999999
71.5152
74.5455
55.7576
77.5758
63.4328
60.7407
65.5738
80.6061
86.6667
62.6866
48.9933
57.7181
46.9799
46.9799
82.3529
64.7541
69.697
78.78790000000001
68.6567
71.1409
55.7047
34.2282
61.0738
85.6209
66.66669999999999
81.21209999999999
55.9701
75.1678
52.349
47.651
55.7047
80.3922
76.4706
80.1587
55.0388
72.093
61.2403
68.2171
53.4247
57.5342
75.8065
75.0
75.8065
75.8065
92.37288
85.5932
86.44069999999999
88.98310000000001
86.44069999999999
68.85249999999999
74.5902
73.7705
71.3115
73.2877
65.0685
53.4247
75.8621
79.19460000000001
74.1935
59.0909
