59.8425
51.1811
44.3182
71.53280000000001
72.9927
48.4277
60.0
61.0811
61.6216
68.10810000000001
51.269
68.75
75.1825
57.2973
64.8649
69.0355
68.75
77.7778
51.3889
72.91669999999999
79.2899
71.53280000000001
63.7838
57.2973
54.8223
72.2222
73.6111
71.5278
72.91669999999999
72.1893
70.27029999999999
62.1622
67.0051
79.16669999999999
70.83330000000001
78.4722
72.2222
76.3314
80.4734
80.2548
71.2644
67.8161
62.6437
62.6437
61.0465
63.3721
62.1302
65.08879999999999
68.6391
73.9645
79.4872
78.8462
79.4872
76.2821
84.6154
75.53960000000001
77.6978
78.4173
79.8561
83.8462
79.2308
83.0769
58.9041
79.2135
80.7692
68.4564
