64.81479999999999
45.679
47.2393
69.3642
69.9422
70.71430000000001
60.1594
62.9482
63.3466
59.761
48.8263
42.3313
72.8324
63.3466
67.33070000000001
44.1315
69.33330000000001
71.33330000000001
69.33330000000001
74.66669999999999
67.28110000000001
74.5665
69.3227
74.1036
53.0516
66.0
76.0
82.0
79.33330000000001
73.7327
72.9084
60.5578
42.723
67.33330000000001
77.33330000000001
78.66669999999999
83.33330000000001
70.5069
72.8111
69.0566
54.5763
46.4407
53.8983
50.8475
46.5278
48.9583
69.2913
74.8031
74.0157
72.8346
66.66669999999999
68.75
71.875
67.70830000000001
64.0625
69.2737
70.9497
64.2458
62.5698
58.871
50.0
45.1613
77.439
89.7561
62.5
70.0855
