53.4351
58.7786
48.0769
66.66669999999999
67.33330000000001
70.83330000000001
64.5503
65.07939999999999
69.8413
70.3704
61.0256
35.2564
59.3333
77.7778
68.254
47.6923
70.3947
45.3947
51.9737
58.5526
80.4511
62.6667
67.19579999999999
77.2487
51.2821
72.36840000000001
60.5263
65.13159999999999
48.0263
75.9398
67.19579999999999
55.5556
55.3846
69.0789
64.47370000000001
70.3947
55.9211
82.7068
79.6992
79.19460000000001
74.0964
59.6386
62.6506
80.7229
60.8108
56.7568
67.1329
62.9371
74.8252
79.72030000000001
86.014
83.9161
74.8252
68.5315
81.1189
78.91890000000001
49.7297
75.1351
86.4865
63.7795
57.4803
71.65350000000001
63.2
91.62011
59.901
69.34309999999999
