52.349
50.3356
48.2759
69.3878
75.5102
41.5049
32.5758
40.6566
40.1515
34.596000000000004
34.2932
35.9606
79.5918
40.6566
36.3636
31.675399999999996
39.7516
39.7516
41.9255
50.3106
42.9245
79.5918
32.5758
40.6566
39.0052
44.0994
40.9938
37.2671
42.5466
40.3302
37.8788
38.8889
39.7906
48.1366
41.9255
46.5839
42.8571
43.6321
45.5189
49.7326
33.4302
33.4302
28.4884
31.395300000000006
40.2542
38.5593
51.4894
44.6809
52.3404
43.4043
39.6985
40.9548
43.9698
38.4422
44.9749
39.1635
44.8669
45.6274
38.403
64.88550000000001
67.1756
66.4122
50.4
87.7193
92.1875
66.3043
