29.7491
35.842299999999994
43.0769
37.2973
34.5946
61.6162
41.5978
39.9449
35.5372
37.4656
38.961
37.4359
36.7568
37.4656
35.5372
35.064899999999994
22.144499999999994
25.641000000000005
20.979
17.715599999999995
18.6978
42.7027
29.201099999999997
39.9449
36.3636
25.8741
20.745900000000006
24.708600000000004
23.776200000000003
37.5626
27.2727
36.6391
36.039
25.8741
27.039599999999993
24.475499999999997
26.107200000000006
33.555899999999994
38.2304
46.6887
29.1892
33.2432
40.5405
38.3784
39.6011
32.4786
52.988
52.5896
53.3865
52.5896
40.8108
47.8378
34.5946
48.1081
47.8378
45.7547
55.6604
54.2453
56.1321
45.5285
56.0976
40.6504
44.4149
33.206100000000006
49.7462
42.4479
