50.3597
56.8345
39.8551
56.4315
60.166
36.0927
42.3729
47.7966
47.4576
39.322
51.5723
42.029
52.2822
60.0
53.5593
57.8616
55.6075
49.0654
38.3178
46.2617
31.141199999999998
53.112
61.0169
58.9831
67.29560000000001
50.9346
43.4579
42.0561
51.8692
28.433300000000003
59.661
54.9153
61.6352
55.6075
45.3271
39.7196
54.6729
25.1451
34.816199999999995
53.5135
29.198999999999998
34.10850000000001
26.3566
36.4341
21.276600000000002
26.713899999999995
54.1322
54.1322
54.9587
60.7438
27.365700000000004
33.5038
29.667500000000004
30.434799999999996
25.063900000000004
41.4706
38.2353
37.0588
42.6471
26.304299999999998
43.0435
43.6957
58.7379
42.2397
71.72409999999999
33.0189
