39.1813
60.8187
30.322599999999994
38.7309
35.4486
21.397400000000005
27.419399999999996
31.6532
34.47580000000001
23.790300000000002
62.2857
37.6344
40.919
40.121
26.0081
61.1429
76.25
62.5
69.375
59.375
52.9167
34.792100000000005
36.8952
34.072599999999994
56.0
67.5
61.875
57.5
64.375
53.3333
31.6532
40.3226
61.7143
70.625
61.875
63.75
56.25
80.0
63.75
33.0882
47.8528
62.5767
60.1227
66.2577
53.8462
48.2906
89.9281
89.2086
87.7698
80.5755
67.4157
58.9888
65.1685
56.1798
69.1011
80.8824
77.2059
69.8529
73.5294
35.108999999999995
34.1404
23.728800000000007
39.1437
33.99209999999999
40.625
38.6207
