59.0643
61.4035
71.4286
75.1553
63.354
53.8462
66.9565
56.087
44.7826
54.3478
45.5253
75.1152
78.26089999999999
55.2174
52.1739
49.4163
79.08500000000001
66.01310000000001
59.4771
67.9739
57.0552
81.3665
49.5652
51.7391
38.1323
76.4706
63.3987
63.3987
57.5163
64.41720000000001
50.8696
52.6087
56.8093
82.3529
59.4771
59.4771
75.1634
65.6442
85.2761
89.1156
32.9787
40.9574
45.2128
52.6596
61.0465
51.1628
67.7291
67.33070000000001
61.753
66.9323
60.2564
56.4103
54.4872
58.9744
55.1282
64.0
60.0
57.7143
46.2857
71.5116
70.3488
72.093
54.902
88.1857
74.4186
51.8135
