21.273700000000005
18.970200000000006
23.958299999999994
25.647099999999995
31.529399999999995
18.358199999999997
19.712199999999996
22.5899
15.683499999999995
16.259
19.744299999999996
23.611099999999993
27.2941
23.741
18.129499999999993
17.613600000000005
62.9412
55.2941
51.1765
51.1765
20.376900000000006
32.7059
24.316500000000005
19.712199999999996
21.448899999999995
58.8235
59.4118
62.3529
53.5294
19.434600000000003
17.4101
17.554000000000002
19.176100000000005
68.8235
63.5294
62.9412
68.8235
20.376900000000006
17.432299999999998
79.0055
69.697
55.303
79.5455
83.33330000000001
66.4516
53.5484
78.0142
73.7589
75.1773
77.305
72.561
75.6098
76.8293
80.4878
80.4878
39.9329
32.2148
40.2685
38.9262
24.101200000000006
22.636499999999998
25.4328
60.3896
60.8434
26.893
26.810199999999995
