55.8621
49.6552
65.8228
50.6329
63.9241
40.9639
46.2312
39.6985
43.2161
41.7085
51.0345
57.5949
62.6582
33.165800000000004
38.191
63.4483
50.9677
52.2581
47.0968
55.4839
45.6989
50.0
42.7136
37.6884
65.5172
47.7419
48.3871
52.2581
39.3548
63.4409
39.6985
38.191
70.34479999999999
44.5161
46.4516
53.5484
51.6129
60.2151
55.3763
87.7049
48.4663
49.6933
53.9877
42.9448
68.0
36.5714
76.087
77.53620000000001
76.087
77.53620000000001
52.6316
53.2164
54.386
47.3684
51.462
47.7833
40.3941
40.8867
43.8424
87.3134
70.8955
82.0896
40.0
37.1981
90.90909
61.7978
