50.8834
46.2898
52.3121
59.447
48.3871
43.7768
58.5492
52.8497
49.7409
61.1399
43.1746
49.422
53.9171
65.285
68.9119
33.333299999999994
29.966300000000004
40.0673
38.7205
42.7609
57.4534
53.9171
67.87559999999999
78.2383
45.3968
40.0673
51.1785
50.5051
51.1785
47.5155
64.2487
69.9482
41.2698
32.9966
52.1886
46.4646
49.4949
43.7888
46.8944
71.5116
37.9032
48.7903
37.0968
47.9839
51.5957
63.2979
51.1278
66.54140000000001
65.7895
55.2632
66.66669999999999
78.7356
60.3448
58.6207
58.046
47.9087
38.403
49.4297
46.0076
76.39750000000001
66.4596
72.0497
62.2642
78.0822
74.1294
68.60470000000001
