28.4932
24.3836
36.8272
44.0415
41.9689
57.2072
25.641000000000005
27.136799999999994
36.3248
29.2735
33.39319999999999
31.161500000000004
36.0104
29.700900000000004
31.623900000000006
25.673199999999994
90.07092
80.1418
73.0496
61.7021
37.4713
41.1917
31.623900000000006
29.2735
25.493700000000004
65.2482
67.3759
59.5745
54.6099
31.953999999999994
25.641000000000005
30.769199999999998
24.9551
49.6454
62.4113
73.0496
58.8652
32.183899999999994
33.793099999999995
34.16459999999999
19.360600000000005
23.268199999999993
25.221999999999994
23.801100000000005
49.4898
49.4898
32.960899999999995
23.836100000000002
26.070800000000006
30.912499999999994
27.8095
27.047600000000003
28.1905
29.142899999999997
25.142899999999997
29.102800000000002
23.851200000000006
22.319500000000005
20.7877
33.4025
33.817400000000006
37.1369
65.10419999999999
65.8416
33.333299999999994
80.54050000000001
