45.1389
51.3889
67.72149999999999
84.5528
80.4878
66.66669999999999
88.0682
54.5455
61.9318
77.8409
49.1329
59.4937
84.5528
86.3636
84.6591
47.3988
64.6259
71.4286
76.8707
61.9048
73.7805
87.8049
72.1591
90.90909
47.9769
72.1088
63.9456
65.3061
63.2653
82.9268
86.9318
86.3636
52.0231
61.9048
69.3878
51.7007
57.8231
88.41460000000001
90.2439
89.6104
74.1259
82.5175
65.73429999999999
82.5175
61.2676
74.64789999999999
62.6582
81.6456
82.27850000000001
72.1519
75.8621
73.7931
70.34479999999999
80.6897
81.3793
81.2081
72.4832
86.5772
80.5369
62.6667
64.66669999999999
74.66669999999999
81.4815
83.33330000000001
76.39750000000001
69.2308
