37.037
42.0875
75.3731
68.5714
65.71430000000001
39.779
41.7582
42.5824
40.3846
41.4835
63.354
67.1642
66.28569999999999
38.1868
45.0549
70.8075
65.88239999999999
57.0588
55.8824
58.8235
67.2065
68.0
47.2527
41.2088
62.7329
57.6471
61.7647
57.0588
56.4706
63.9676
39.2857
41.2088
60.2484
68.2353
57.6471
54.1176
75.2941
59.919
65.9919
60.5166
59.3103
77.2414
63.4483
54.4828
60.479
67.66470000000001
53.7037
48.7654
44.7531
44.7531
37.1528
48.9583
62.1528
37.5
46.1806
64.28569999999999
56.0
52.8571
60.5714
48.8372
42.4419
63.6628
41.5
80.1075
68.50829999999999
43.6409
