58.3333
51.0417
66.4179
69.0476
73.21430000000001
57.8313
63.3803
59.1549
53.0516
53.5211
47.0588
46.2687
64.28569999999999
65.2582
46.9484
53.9216
62.2642
57.8616
70.44030000000001
71.6981
76.1006
73.21430000000001
69.4836
58.216
52.451
75.4717
62.2642
66.66669999999999
62.2642
64.7799
57.277
71.3615
59.3137
73.5849
67.9245
66.0377
71.6981
74.21379999999999
87.4214
87.027
72.8395
87.6543
72.8395
72.8395
54.1176
52.9412
78.4038
69.9531
84.9765
70.4225
69.3989
75.9563
73.224
73.224
67.2131
85.10640000000001
72.3404
82.2695
81.5603
51.6484
68.1319
69.78020000000001
70.0855
69.9454
64.7059
75.82939999999999
