49.4898
60.2041
53.3632
67.87559999999999
55.9585
52.809
60.733
64.92150000000001
65.96860000000001
58.1152
61.1842
56.0538
62.1762
82.199
74.8691
65.7895
50.0
44.0594
44.0594
59.4059
62.8866
68.3938
66.4921
76.96340000000001
60.5263
50.9901
40.099
41.0891
62.8713
63.9175
75.3927
73.822
73.6842
53.9604
46.0396
46.5347
58.4158
61.8557
68.0412
82.3529
70.1571
70.1571
60.2094
63.3508
59.5556
65.33330000000001
64.5933
66.5072
63.6364
67.9426
53.6481
55.3648
51.073
50.6438
55.794
73.33330000000001
73.33330000000001
67.2727
73.33330000000001
50.7389
51.2315
44.8276
74.8031
62.5532
76.1364
56.4935
