62.8571
44.5714
79.3548
67.8261
64.7826
63.6364
83.7209
79.0698
77.32560000000001
77.32560000000001
60.3774
63.2258
66.9565
78.4884
73.8372
72.956
58.0247
64.19749999999999
64.19749999999999
54.321
61.6438
63.0435
80.2326
68.60470000000001
74.21379999999999
50.0
61.7284
53.7037
66.66669999999999
78.5388
80.814
81.39529999999999
69.8113
53.0864
58.0247
69.7531
70.3704
79.4521
77.16890000000001
71.7647
52.7607
47.8528
68.71170000000001
65.0307
65.9341
54.3956
79.1411
55.8282
85.2761
79.7546
84.0237
71.5976
80.4734
78.6982
79.8817
81.7073
71.9512
71.9512
77.439
74.6269
76.8657
67.91040000000001
58.209
68.1319
79.1209
77.08330000000001
