52.514
49.7207
43.5294
76.9231
72.8205
56.9444
49.5238
48.5714
50.0
48.0952
60.8247
35.2941
74.35900000000001
45.7143
44.7619
63.4021
57.2327
52.2013
54.0881
63.522
61.8497
73.33330000000001
51.4286
49.0476
63.9175
54.0881
66.0377
59.1195
44.0252
69.9422
55.2381
54.7619
49.4845
59.1195
59.7484
64.15090000000001
51.5723
84.3931
77.45660000000001
77.8409
42.3077
54.3956
53.8462
48.9011
63.587
54.8913
69.3467
79.8995
76.8844
70.3518
51.9553
70.3911
65.92179999999999
54.1899
53.6313
80.71430000000001
71.4286
52.1429
77.8571
75.1592
75.1592
77.707
62.1622
57.0281
74.4048
65.5
