62.987
54.5455
67.5159
63.253
48.7952
43.5294
56.4103
53.2051
55.7692
61.5385
68.1564
58.5987
34.3373
46.1538
39.1026
71.5084
56.1644
50.6849
54.7945
53.4247
60.8696
57.8313
48.0769
63.4615
68.7151
50.6849
49.3151
50.6849
52.7397
75.5435
59.6154
51.9231
65.92179999999999
52.7397
53.4247
50.6849
63.0137
82.0652
53.8043
87.9433
70.8029
70.8029
66.4234
67.8832
53.4247
56.8493
76.0
77.33330000000001
73.33330000000001
77.33330000000001
48.5549
49.711
44.5087
47.3988
52.0231
47.0199
52.3179
52.9801
47.0199
62.2951
64.7541
65.5738
64.02879999999999
51.5924
73.4848
58.1699
