28.4444
46.6667
38.7931
61.0778
62.8743
61.809
50.2242
39.4619
37.6682
37.6682
44.3925
41.8103
62.8743
47.5336
38.1166
46.729
53.012
48.1928
46.3855
40.9639
62.9268
62.2754
43.4978
42.1525
44.3925
51.8072
48.7952
52.4096
48.1928
78.0488
38.1166
46.6368
44.8598
48.1928
45.7831
50.0
53.012
60.4878
82.439
68.33330000000001
36.1502
38.4977
41.784
40.8451
43.5407
48.3254
73.7805
78.0488
67.68289999999999
68.9024
63.6872
78.7709
68.1564
72.06700000000001
70.3911
54.7619
50.5952
51.7857
54.7619
70.9459
72.2973
75.6757
51.5464
37.788
71.7105
63.8418
