42.3488
46.9751
32.798199999999994
45.2381
49.7024
33.8926
22.279799999999994
24.179599999999994
23.661500000000004
22.970600000000005
21.9212
34.4037
44.6429
28.152
27.979299999999995
31.034499999999994
55.0781
48.0469
36.7188
40.2344
55.3571
44.3452
22.4525
27.115700000000004
35.2217
58.5938
41.0156
33.203100000000006
35.1562
54.4643
23.661500000000004
28.152
33.4975
45.7031
38.6719
32.0312
36.3281
66.0714
58.9286
36.7033
32.4324
29.729699999999994
30.353399999999993
36.5904
33.9674
32.6087
28.2051
26.556799999999996
27.1062
29.4872
42.3445
39.4737
27.751199999999997
36.6029
37.0813
47.8827
38.1107
51.1401
62.8664
24.113500000000002
24.349900000000005
26.950400000000002
50.2463
52.1858
45.2323
53.6023
