69.5946
62.1622
60.9244
48.5185
54.4444
60.1307
49.848
39.8176
37.9939
39.8176
34.2508
70.5882
49.2593
35.866299999999995
43.769
38.5321
63.9053
69.2308
56.213
54.4379
42.522
53.7037
41.9453
35.56229999999999
34.5566
68.6391
65.6805
73.3728
70.4142
37.8299
40.7295
45.5927
32.7217
66.2722
74.5562
75.14789999999999
79.2899
41.9355
42.2287
89.8734
38.1743
40.249
31.1203
40.4564
28.545500000000004
32.181799999999996
50.165
50.165
44.5545
43.8944
67.05199999999999
66.47399999999999
67.6301
67.05199999999999
66.47399999999999
20.905199999999994
27.586200000000005
15.086200000000005
14.439700000000002
64.8889
65.7778
59.5556
52.6882
90.09434
78.2787
52.451
