40.2597
55.1948
53.2164
70.6897
50.0
71.1409
57.2864
54.2714
59.799
50.2513
42.8571
52.6316
74.7126
53.7688
42.2111
47.619
65.9259
66.66669999999999
51.1111
51.8519
66.66669999999999
77.0115
45.2261
51.7588
50.5952
69.6296
64.4444
51.1111
79.2593
79.16669999999999
39.196
41.206
55.9524
68.8889
61.4815
52.5926
80.0
81.25
85.4167
89.1026
47.3684
48.0263
38.1579
46.7105
57.1429
49.1429
79.86580000000001
81.8792
74.4966
75.1678
66.04939999999999
51.2346
68.5185
64.81479999999999
72.8395
62.2378
72.7273
74.1259
62.2378
68.5714
69.28569999999999
69.28569999999999
55.5556
91.48936
72.7811
48.5876
