46.1059
49.5327
50.6494
66.899
63.4146
74.6835
68.1818
63.0682
60.7955
65.3409
44.6215
42.5325
58.5366
60.7955
67.0455
56.1753
53.7313
51.7413
42.7861
56.2189
63.7306
66.2021
72.7273
60.7955
59.3625
51.7413
57.2139
55.2239
53.2338
62.1762
70.4545
67.0455
50.996
56.7164
64.67660000000001
57.7114
50.7463
59.0674
64.2487
89.0411
57.265
49.5726
45.2991
50.8547
50.9506
60.076
55.9846
61.7761
52.5097
65.251
46.3333
49.6667
56.3333
52.0
47.3333
70.25319999999999
69.6203
54.4304
60.1266
73.1343
65.17410000000001
70.6468
70.7865
65.9574
67.9144
53.6313
