65.06020000000001
71.0843
56.9697
77.4011
81.35589999999999
66.0377
87.3786
78.6408
79.6117
80.5825
56.0
56.3636
74.0113
80.5825
87.86410000000001
63.3333
60.0
65.3846
63.8462
73.0769
87.8049
72.3164
68.4466
82.5243
74.66669999999999
63.0769
74.6154
70.0
54.6154
85.3659
81.5534
80.0971
71.33330000000001
65.3846
80.0
76.1538
56.1538
91.86992000000001
91.86992000000001
75.33330000000001
75.7225
78.0347
81.5029
66.47399999999999
49.1429
68.5714
78.78790000000001
77.5758
77.5758
80.0
69.697
72.1212
66.0606
72.7273
63.6364
74.6377
71.73910000000001
68.1159
65.94200000000001
49.7041
53.8462
51.4793
63.6364
91.37056
74.33160000000001
66.4336
