38.7283
63.5838
63.4731
65.4676
56.1151
70.122
82.069
74.4828
70.34479999999999
75.8621
61.1842
66.4671
71.223
82.7586
82.069
60.5263
74.8092
78.626
74.0458
76.3359
85.0746
69.7842
82.7586
75.8621
71.7105
74.0458
75.5725
73.2824
70.229
90.29851
77.931
75.1724
69.7368
76.3359
79.38929999999999
79.38929999999999
69.4656
84.3284
87.3134
67.05199999999999
72.2222
70.6349
88.8889
72.2222
51.9126
45.3552
83.4646
86.6142
81.88980000000001
82.6772
78.9157
63.253
71.6867
75.3012
75.9036
76.129
74.1935
68.3871
58.7097
76.4228
66.66669999999999
60.1626
57.9618
77.9141
83.33330000000001
72.3404
