61.2903
51.6129
31.666700000000006
45.6869
41.2141
51.1628
56.8841
50.7246
55.0725
39.1304
27.5689
30.952399999999997
42.1725
51.4493
58.6957
40.1003
56.8627
61.2745
59.3137
37.2549
35.2941
44.0895
55.7971
52.8986
34.5865
51.4706
51.9608
55.3922
57.8431
29.006100000000004
53.9855
47.8261
38.8471
55.3922
44.6078
63.7255
59.8039
30.6288
35.90260000000001
30.739999999999995
38.3378
29.222499999999997
27.882000000000005
30.2949
21.428600000000003
28.095200000000006
60.8696
67.3913
63.913
59.5652
58.3893
56.7114
46.6443
52.6846
53.6913
35.714299999999994
46.2963
50.7937
46.5608
59.4771
66.66669999999999
60.7843
59.4096
53.681
62.1711
64.455
