62.2642
46.5409
55.8036
63.6816
66.16919999999999
67.2727
57.1429
49.2063
59.2593
56.6138
41.6667
59.375
69.1542
55.0265
48.6772
35.714299999999994
67.0732
67.68289999999999
60.9756
64.0244
68.2464
63.6816
41.2698
54.4974
36.5079
68.2927
71.3415
62.8049
60.9756
70.1422
62.4339
59.2593
34.92059999999999
66.46340000000001
71.3415
75.6098
60.9756
74.8815
73.4597
68.8995
31.745999999999995
46.0317
44.9735
64.0212
54.2857
67.619
84.3931
89.5954
77.45660000000001
77.45660000000001
77.63159999999999
84.2105
75.6579
73.02629999999999
78.9474
62.3762
56.9307
57.4257
61.8812
67.2619
66.0714
56.5476
62.8571
69.863
69.2737
74.6988
