1992
1429
8339
2735
6846
8832
6622
3694
4573
1495
4956
3064
7282
2372
9916
8291
1709
8767
5906
1412
3993
6879
9324
3156
6554
2943
502
1146
9492
2515
2935
3284
1764
609
750
5693
1411
9575
1283
4780
2180
7749
3394
2093
2142
3938
8670
6495
2544
22
9514
8550
1709
3609
3799
2992
6542
8527
7368
9711
7289
176
5131
3107
2414
972
105
2010
8158
3955
4321
8686
513
9549
9639
5849
7219
5575
9195
9519
4589
2344
210
5134
6156
5684
9301
4845
6772
2148
9628
8268
5612
132
1194
4423
6298
2990
8749
6220
9289
8198
3801
2290
6345
9851
6121
7151
5213
7837
8979
5995
1312
9177
8240
255
6989
2448
4954
4555
8870
4893
589
9348
1664
