5306
1940
7105
4885
1315
7784
8752
8847
6190
5376
8145
6614
1018
5656
789
9079
2409
7735
8183
7899
3584
9882
1906
3015
779
2347
2548
8233
5358
8894
937
3520
785
7518
6473
2642
1506
2939
25
7666
9142
4294
5394
8303
2399
3506
2470
7638
3552
8751
4668
9675
2686
7093
939
8384
6462
4145
5143
8262
8937
8681
13
9857
2419
9121
9816
9238
3522
8960
1843
1491
7662
7702
6413
341
5859
8769
7824
9489
8839
2001
982
3160
6591
8930
4487
1917
6477
5484
1137
7251
7058
6817
2729
3258
3585
969
8633
8434
3198
7794
8392
7420
2351
2314
967
2349
2431
6176
889
2056
4114
455
5553
1114
9360
3080
3472
549
8951
4625
4371
6719
6099
