710
6670
9802
160
6243
6284
3547
5362
8053
7226
4457
5112
2043
5173
1608
7980
3581
3345
9366
1047
7490
4828
1762
8930
8428
2090
5817
3047
9591
4707
8926
7361
1993
4797
846
748
6045
1653
8199
9591
8946
5486
9180
3682
9518
5297
9608
6420
7194
291
3136
1710
9150
3697
7093
5941
6302
1437
4944
7963
703
6260
3086
8641
4792
6810
9387
864
2372
6404
6147
8730
9814
7580
3668
7808
6173
8297
194
5857
1544
1276
2220
4091
9554
2826
2997
6490
9820
5324
8519
3833
855
5904
9618
8480
5672
8816
7252
8584
8452
4354
40
1204
303
8712
9688
6302
7184
3767
9970
780
22
1142
4278
7885
943
8267
7279
2692
6031
9331
4406
7515
8441
