6029
2986
7941
8539
3906
7400
7389
711
9627
7756
336
6077
7963
3363
8018
4491
4198
805
4430
7594
2686
3588
1876
172
1373
7190
9982
5458
278
2565
1991
6622
6709
1660
4442
2817
9507
9191
6823
1092
7614
7743
7954
7355
6458
6129
6617
1798
5036
321
7003
1239
6324
5161
822
7567
5319
6984
7129
271
8732
3104
6229
8976
7489
2412
9553
8136
6642
8712
8730
9205
9269
4793
4391
929
7913
312
2083
5888
7511
6343
946
171
8884
3831
3812
316
5541
1447
1991
9273
9218
1234
1726
2711
9066
4336
3635
327
3562
97
4227
4828
244
5929
2660
4990
6470
2749
5034
4797
1776
9543
6738
8703
419
5594
8611
7794
1269
6337
7229
6874
6838
