4485
586
1492
8978
9800
7745
9314
4909
4911
6548
3539
393
2886
6033
4234
5892
7947
4488
3149
8135
5141
7429
8230
4520
3513
8269
6747
4402
1430
2674
2664
8171
790
2411
4458
6637
9479
1744
7573
3330
5691
2153
732
9693
7772
3787
2668
8146
2702
609
722
3218
183
3887
3639
6473
6634
8601
8711
9156
6371
3265
4798
1628
6962
2432
9488
3608
2228
2585
9610
4412
9252
852
9313
6094
3904
984
430
8884
9103
122
3229
7020
465
2816
3667
6804
8817
726
1105
4324
9998
3533
5585
8249
2353
2995
4814
7319
6383
2934
8987
2015
5417
2592
4375
712
9609
4660
1073
2633
8148
5827
8504
8595
4426
5731
465
9144
8233
9225
8169
9423
6779
