2684
7285
9834
505
5641
5322
3274
4040
885
2921
7707
4205
4410
1009
7362
2341
7291
1881
1927
5804
7824
585
3022
2789
4794
6203
3064
1524
9736
7241
2159
7542
3925
8490
7273
7811
3939
8967
8888
3416
8329
56
2039
1332
1622
652
61
3014
2194
2539
5156
6475
8331
2355
9230
1220
9707
8930
6691
2424
5541
2671
1779
2785
5638
3855
9397
3483
9744
382
1051
1460
3904
2703
2367
438
6902
7834
5479
119
2680
8014
6516
7474
3274
7337
1390
206
6698
6331
1204
221
6582
8924
5317
1098
2208
8997
1312
7200
5407
806
5665
1389
3338
5926
231
3446
3208
2834
1731
6827
981
3041
3865
7592
5171
574
6919
9552
9075
8584
1958
6080
8968
