8669
6288
8272
6210
7681
5384
4100
4746
3020
5001
6141
2445
9874
7925
1392
7152
3123
7118
3617
1638
3689
3863
4266
2680
4203
5478
116
2671
5708
4615
5126
827
7528
6983
1675
7337
6828
2117
9001
3082
6061
6345
2238
9607
6616
1727
3147
4460
6305
9409
7821
8897
2215
1430
1526
5674
6271
2496
4195
8047
6656
7637
4441
3358
841
4652
8822
2852
4015
315
2895
3481
6734
3360
2347
1788
1780
9391
3553
8806
7146
4335
5845
8063
4623
5306
1941
2996
8490
582
1480
2063
7617
5395
4398
7573
1051
9432
2461
8012
5988
3369
4604
8653
7615
7259
2322
8884
9399
6344
2314
1797
2121
1454
965
8279
3005
9128
8232
861
7645
4548
266
3445
4931
