4579
3782
4599
2117
8325
5144
4100
7272
8913
692
5120
4211
8483
119
1551
1271
7609
8422
3567
2162
2736
9371
264
8517
2480
1927
1696
1569
1439
1840
3274
4388
4333
6080
1844
284
3216
8037
5756
2047
670
63
6343
1629
9495
4807
8547
8873
1264
3962
1788
3395
9798
789
218
350
9868
9464
9281
8672
7538
8387
2359
4335
9022
7396
6371
6086
7668
2445
3598
5161
9744
4680
2942
4502
6702
102
9695
645
7275
3917
8025
9375
2412
9474
797
9447
9297
1254
4957
1200
8187
9411
2089
4251
4978
5318
3715
7741
2031
6138
1150
3288
7999
5596
4381
2141
286
3210
5773
104
8832
119
4824
933
3002
353
486
4589
525
5517
4093
8992
4827
