8829
3053
8893
3803
434
9121
7534
4353
2274
1452
6059
5506
3891
4269
1706
8242
9154
2091
3823
9339
1344
4415
6201
6846
1786
4308
2062
9716
5908
2715
3830
3455
3259
6200
6624
5157
8197
1946
9368
2111
1742
5894
32
8014
1146
7325
2279
8403
7325
7711
9599
2887
2230
4764
3842
7880
1281
4794
4912
8905
3137
7168
2579
7336
4172
9262
8493
9361
1805
2475
2016
285
5148
1424
3626
7193
4600
6102
5490
448
881
5084
8625
5152
1759
6828
1176
5206
5273
3049
4684
6927
5665
9242
5734
8350
4754
3871
8403
6825
6389
9952
1
1519
7009
2602
3227
3290
6732
6891
706
7365
7526
2699
3389
1777
5854
1817
4109
7062
6527
5956
7382
2201
6510
