336
3336
5704
1390
2586
9645
2574
2733
4526
591
580
6830
4593
7477
7500
7288
6785
4140
3050
2392
141
7285
1892
2833
4243
689
2758
2716
6556
2634
6804
5457
8223
2479
6623
703
4834
5849
2808
6627
3554
5936
290
3664
9799
3461
7680
7780
9437
8498
8648
3499
5518
9118
1275
5825
2466
4626
6360
5485
5861
1656
3286
511
1884
893
9565
6337
7754
7858
7556
1044
5914
619
6960
4986
5308
2365
4398
7911
7265
5814
1155
8217
6355
6561
579
8678
3934
3119
100
5520
1945
1280
9237
6538
3382
3800
6533
1
6561
73
651
516
4745
6911
2299
5165
3469
9689
7072
4258
9289
1143
7940
922
7701
1106
1035
6666
5026
4980
1777
8697
9087
