1668
6877
2007
589
4205
6128
7078
8510
8625
1307
9263
3945
7991
9703
6830
4869
2045
86
2215
7350
4979
4649
8013
5501
2112
7708
9290
6599
316
3718
4239
513
6223
3443
8671
5789
4854
7258
7092
4086
2169
5783
7688
7709
7351
6925
3489
1366
6134
4720
3358
8030
5617
9097
714
4682
6066
3881
9566
9954
1158
6312
4714
8298
4327
1416
226
7504
2773
2213
6598
6226
3353
2035
9077
2987
2922
4768
7209
3202
4356
8470
5010
6528
7686
4204
4679
815
3800
5933
7174
7661
8121
2423
2779
1608
1531
7886
9557
6491
2314
7604
3403
861
7547
440
1343
8042
3783
6326
1146
6025
2808
9888
8329
3866
1098
57
4733
956
2274
9467
2382
7252
3696
