6315
8166
1153
7853
3264
714
2017
4331
8234
5677
1023
5540
367
6220
2626
7201
8924
24
4768
3535
2230
3015
687
2979
5106
7268
1618
3720
9731
5079
5572
8710
6994
6659
465
7361
5027
7139
8849
3235
6823
5243
2519
7120
1843
4924
245
7117
8218
350
9870
7674
3622
8515
3348
6363
5794
1969
7060
8883
5333
730
520
7544
980
8236
1726
8361
9176
4662
8501
9891
2818
7376
902
7446
8115
8333
7240
8325
832
5044
7164
2969
8453
1384
368
2122
184
3900
5115
305
484
9532
6799
5336
7258
545
5699
4051
5788
9127
5916
191
9551
7003
2365
7460
5190
3994
2740
6133
9536
9444
8695
9691
8855
16
9784
9270
9328
8806
5241
7408
2652
