1713
4075
4492
4739
5725
6999
8865
4910
5999
3127
3080
3767
6178
5842
1838
9266
9685
5273
2346
1009
3128
6792
2333
815
1165
2363
5211
197
8118
3579
8145
7762
2996
6719
4350
1274
1413
7673
8180
5809
3311
7219
8422
3204
1703
8926
2132
7670
3639
5901
3854
2339
6863
3043
5856
5279
725
7365
6848
3240
9550
156
1067
6218
4298
1523
3885
8404
9103
3955
6581
8719
6384
2703
9568
6205
2288
6426
4618
6783
4647
7590
8457
2369
8565
4233
8562
1365
7156
8138
7710
1821
4411
156
4523
5196
389
1532
1675
8403
547
6133
4739
6061
8325
9174
5270
9505
3414
1085
2187
7134
8163
8845
2125
556
6772
3921
6305
6587
5379
1421
3565
7209
8024
