8399
376
3656
1125
528
691
6329
2930
3140
9738
2951
2943
5534
8421
8813
1713
2326
5317
3094
5213
9196
9155
6298
7901
1246
721
2033
6
2386
134
3547
7543
5797
4821
3896
1957
8863
425
151
5743
6173
2169
6705
2745
1130
1835
7748
9833
4687
5220
4799
6258
1242
734
2755
9974
7030
4395
9490
5364
5820
6605
6749
6298
1346
2585
1440
5040
2267
3646
9341
2551
2108
6448
6664
229
6101
1775
8832
5574
3706
4866
6662
5517
7096
4571
1229
3325
409
5210
6852
5023
1123
6718
3336
1725
6891
5076
4233
7349
690
5936
3649
224
9208
8321
2757
910
7079
6429
9170
9257
8376
3219
9487
4896
8757
910
6637
969
3251
726
247
4500
2976
