1407
9218
4102
9115
736
3750
6847
1973
1247
585
9621
9666
3291
330
847
1654
3945
3482
9120
6623
9977
3922
7594
8641
5125
9620
1281
7076
2388
5635
8367
195
7156
8034
6486
4283
5959
2813
406
9871
4825
7734
2075
1879
2220
3516
4795
6563
4928
2350
6012
8674
7716
1356
2137
4050
1356
4135
2784
7840
4468
7574
2845
8648
9347
5327
908
3685
4771
2950
4307
8918
9490
9557
76
8304
5033
8012
9606
1142
7444
8323
2609
5095
322
5832
3828
4963
2332
5998
4255
7470
5019
7317
4765
3384
8418
8357
653
1587
9291
9495
5423
2409
3393
8281
3133
6443
2809
8191
5561
4625
9019
3193
6763
6154
9438
2366
2158
410
9723
9056
6630
7936
6108
