2770
9687
6397
5490
1594
6747
3138
9987
8324
9626
7082
7887
7054
4859
2251
5471
9560
8767
6978
4838
4824
2165
8839
6340
6302
1231
7075
3247
2332
5486
728
2297
6607
7367
2162
7620
8534
727
1644
1702
136
2561
4865
8537
4254
3247
7529
1319
2232
9266
1767
3198
1935
7461
611
7655
5685
9947
9683
2464
5658
5573
6488
3599
217
9711
2099
6934
1946
8997
9397
6196
1507
4678
3650
6480
6589
5554
8592
1243
3681
3270
6516
7871
3496
3042
6721
6143
9704
5780
9182
4823
8043
5518
1320
5869
8018
7899
5366
9235
18
7358
3256
8399
9441
7062
2150
8554
2246
59
2320
3418
4106
2328
8875
1240
4705
6895
8177
7613
5757
4389
6271
7435
3121
