8344
6788
6677
1184
6484
3707
9240
2299
8248
5223
7114
4364
7740
857
3827
798
1777
6082
4350
7079
3117
2102
6032
3233
6622
7969
2714
909
5485
5841
6880
2386
3518
335
6003
8010
4521
6678
4819
8971
2489
6215
6613
4524
7117
7728
3621
5471
596
2064
6917
3499
8593
5315
728
5007
5557
7298
8772
3950
3694
3746
5632
185
9801
780
2740
3822
1027
4684
2324
1892
7461
2626
1381
6980
5334
7549
5255
8120
7093
3159
3013
7013
7480
4753
4372
4559
9077
5
1607
2562
8389
2791
5584
4084
6713
8575
2906
1275
134
2932
8537
8880
9283
5702
9046
4297
1357
5514
1698
1746
7651
3831
6637
8262
6538
4368
482
5778
8760
6571
5322
6707
9956
