996
8628
9511
1866
5075
9109
7660
7053
2183
5383
7049
1590
7515
2624
2902
682
1921
3390
5762
8017
9247
7536
8103
8477
8783
5301
2815
6198
764
6912
1828
3841
7204
3770
7233
7206
4574
6274
2763
5801
8781
1338
2568
2548
9676
2813
7734
2772
2998
8253
530
8733
253
305
9499
8519
4974
4689
2889
6157
8695
8536
3064
9435
9355
645
2791
4805
1243
7368
7460
4559
2501
2317
729
8092
3836
5230
2979
1683
8769
6476
8982
4097
545
8385
5085
5870
6937
7813
8364
8551
670
1876
3286
824
5086
7537
5817
9003
8039
9056
3836
3523
775
2878
4026
8995
8190
1705
1846
7829
8769
6965
6087
5786
8571
4355
1442
6034
5218
3314
9167
3099
3376
