8348
8918
1229
2110
3225
2218
8437
9431
2589
3149
1351
9006
5749
5211
6195
8123
7991
7586
6969
6007
1507
5289
2098
8304
9937
6870
6392
8010
2506
9360
4830
2152
1654
9165
6334
8380
3744
8162
7895
6950
1428
6836
1901
3886
3773
7888
8786
3022
9894
3229
8707
1928
1055
2286
3969
7953
7532
6104
9191
6853
904
8982
8007
3446
5461
3555
1210
1239
5102
5064
2421
1351
8272
3483
9843
6276
9932
1363
4091
951
902
165
3550
9723
2750
1733
7518
863
9850
8800
2523
8931
1180
1480
7754
2016
9211
4801
1757
3395
6381
6057
8435
5647
989
2815
9576
4491
7303
9407
8568
9912
6900
2038
3263
8058
8119
3403
5048
7667
1949
6508
5703
9182
3125
