7784
8535
5770
6092
904
1978
734
1962
3180
6005
8485
1840
6458
4404
3395
3868
6271
2415
3476
6637
3820
7079
521
5959
4787
4088
153
2417
3658
7396
7814
9225
3759
6145
377
7167
256
4111
8890
3353
8693
7654
9070
9443
4410
325
6313
4111
3090
9900
7395
8488
2389
2280
430
3775
622
9049
7268
8810
1197
8268
4349
4067
6504
8375
8973
5656
7546
4755
2218
2551
9388
3680
4229
1566
9698
3242
7408
7749
4862
3215
5798
1153
4884
8533
4435
3237
4150
9180
7689
4259
1685
3294
5710
5284
9944
8238
2432
700
7104
8670
3034
8889
3988
6792
2174
262
4379
749
9791
2131
3403
4394
4918
6939
6962
425
6598
5712
2987
1584
1943
5738
6275
