5172
8485
1945
9921
2930
9952
9700
1617
6356
5300
3659
7457
8304
2573
6400
2618
8286
4349
6413
5011
3590
6852
8578
9113
2976
8524
5740
4272
6581
49
4718
7812
494
3333
1736
9018
7952
2639
862
4634
316
1275
9932
2649
6828
56
290
2974
417
5064
9045
1816
6830
721
9378
6730
9370
8216
9046
8028
7938
1772
8735
5159
5302
6126
8165
1721
528
8632
8635
7009
4872
4118
1722
2211
8304
3667
6492
6096
2892
5571
6537
4150
8357
5515
3081
8570
545
238
4304
5932
6428
6949
1259
6275
1363
6640
2000
5935
9656
3759
9966
3818
6038
8637
6901
2871
7419
7793
756
379
4957
6720
3166
224
5763
8035
9357
4109
9466
58
9875
6465
1043
