2708
3670
4001
5103
6272
5479
3146
5857
4002
9624
5331
3054
6529
429
3474
6823
2796
1175
8808
9161
7428
3091
7533
6511
9816
8102
7309
8262
5545
9324
9773
2309
9552
1951
6734
8099
8439
1748
8692
7317
4208
755
3830
4056
9380
5688
6161
3017
7388
6438
4154
415
3051
3379
110
8091
7836
1688
9450
2568
6552
1119
2723
4826
3235
2685
3773
9699
5874
8661
4468
1820
3436
5743
8854
3742
8389
8037
9421
1439
1839
7206
2407
2195
9229
6773
223
678
2640
4957
5435
6386
4307
9786
717
7334
4078
6010
5765
5452
7832
2510
6425
2081
8760
2157
1333
4943
2127
9971
1781
5622
7320
1523
7898
4212
4363
3916
413
3539
9735
5421
4656
7941
7616
