262
1363
972
7650
7094
5240
187
3230
258
2479
7687
8413
9804
1206
5031
4539
3291
8274
5217
1037
5652
1550
2610
5674
186
7028
9804
7933
9394
2184
9651
5885
1372
6227
1183
1876
2590
6244
1691
4915
4196
596
6274
5586
2934
37
6698
7054
4078
8711
7685
9301
9234
5923
2220
7990
4691
2973
3419
6288
8319
3411
5701
3605
9079
9699
8576
3306
7233
2692
9459
2057
1026
1936
748
405
7617
436
1706
6595
7310
6130
2246
9476
7061
4267
3263
3500
4887
3748
5136
7108
7475
1518
7002
9149
1188
6383
8756
1256
2091
7742
6928
6579
8450
5936
5556
4904
6106
1586
6149
8833
7336
7633
6830
9749
766
4545
3871
6981
2258
8527
9392
3661
1864
