8386
3819
3213
5028
5242
1125
5506
1167
2032
3893
9490
2503
4734
9442
4599
2305
2689
4315
2333
5638
8882
6742
3398
7811
4666
2216
1025
8128
5404
1327
3100
8124
2481
8664
2932
3284
5048
6696
1939
344
5522
8107
2765
5516
9822
9152
4865
414
7721
9834
9321
9783
8471
4948
2540
1338
6830
5065
2249
6175
9027
9307
689
6670
7465
7475
2532
832
2229
5409
7535
34
6343
2746
5499
4823
9215
8008
2560
2641
1954
4382
6031
1417
6246
8268
6182
2583
7882
2553
8150
8295
985
8146
7144
4451
4543
2878
1232
1665
9452
2207
8490
6306
8251
9433
2439
6843
4925
7880
7450
8998
8114
9985
6945
5339
3505
8537
6652
7297
2225
8589
8514
6633
1019
