3377
6822
5402
1685
9731
2517
4862
6220
1286
9950
4184
1433
4616
4660
5008
4323
7782
1710
7964
606
6423
5713
40
7077
8800
8753
7144
2907
9307
9202
5746
3867
534
1764
4274
2666
5335
7416
8419
8627
3734
5042
3107
2363
6269
2293
1784
6607
2920
6932
1840
6963
7868
9485
9371
6993
1802
3463
6431
9997
397
635
1598
5227
2007
4411
4246
3774
8669
4085
5606
4276
16
9896
15
9310
3527
3319
1961
3416
3104
8720
3879
2844
5271
3615
9202
6444
1101
5165
5532
6259
3479
4383
3489
6392
8006
3534
4389
487
9243
4260
12
1193
2364
7316
4661
6558
3239
3300
1711
452
6361
8153
8452
6783
6909
6667
1371
8659
1277
9938
5539
3293
2802
