8490
878
6644
6003
9209
9661
577
3611
148
7435
5729
6504
6977
3123
5487
1324
85
3012
540
2459
6558
3293
7323
2784
7560
6423
166
2702
9379
8625
3822
2030
3949
3767
8872
1570
5308
7891
579
5782
4319
5940
8190
2198
5301
7990
5843
2747
9218
9705
7637
7121
3708
1791
6583
8304
6756
1900
6244
8608
7924
563
3926
7804
4545
9716
9852
5544
2461
9038
8126
1129
8726
1896
9871
3766
8311
2288
7202
3761
1681
3729
4663
2882
9147
8650
8025
9706
5256
5823
9142
6809
6067
3153
8816
4110
9494
7966
7464
5919
346
2435
9272
3142
8672
4325
5886
174
6755
9722
4273
9445
8519
1719
2332
7065
1971
7644
4025
4123
6125
1683
6767
6454
6302
