9020
785
4009
8845
8114
7135
9126
1527
9312
4491
3202
4454
4217
5720
3922
3910
5960
3540
6891
1507
8379
5675
1026
1926
4324
6509
5297
6920
6909
6641
198
6045
6171
9074
1471
7373
6445
7037
4098
5121
1805
5657
2294
4609
178
200
5575
7917
749
5576
1544
8874
4863
9963
7728
5719
9376
546
4719
2133
9687
6454
3861
9794
7111
2762
5266
7066
5271
5817
7015
2142
6658
309
1634
7437
6219
281
2718
2482
7655
7587
9055
7738
6251
5375
6722
3457
328
7080
8831
7405
6942
1316
1463
3558
1017
2970
7049
4866
4142
8497
1563
7281
4066
8699
8823
9345
4386
1663
9892
5981
299
5966
6698
1678
5517
838
8356
2021
1736
9288
8259
8062
6344
