8553
9636
7863
1691
9964
7599
9033
5808
8437
8833
5396
6575
9169
7500
271
8419
4567
1392
5261
9090
3129
6296
6522
4395
1647
9800
4700
9034
985
3190
9771
5709
4174
1913
2307
4183
6460
7583
4310
1373
1270
9954
3150
5518
8595
2906
5719
9423
6444
6803
3541
7300
2460
3404
3815
7495
1114
6154
7878
2449
5778
50
6365
502
1260
4854
9964
7722
3827
6493
3893
9276
1438
693
7967
5103
5374
1778
5008
5037
5230
3251
2391
6763
8083
6224
6110
7011
7566
293
7579
3636
8930
7058
7157
4893
5594
4266
4973
5816
2229
8439
8762
3391
9373
6708
5370
4374
1516
4851
3624
1715
8346
7990
9194
7279
5808
334
219
7455
9175
1990
3406
3476
7520
