7821
983
5899
6195
5568
3032
7260
6341
964
1971
4450
3148
8687
9979
5641
9715
8468
7767
7661
4642
3118
3081
2347
7441
5662
5972
2715
6681
4803
3119
8771
9549
6612
884
746
6094
3442
9660
9822
4447
867
5650
6447
8953
4928
4968
9298
7599
8776
4540
8017
7904
6180
9481
7987
8023
208
1791
8155
667
4512
6742
8490
6494
3970
9408
3501
1437
3213
9984
7651
1223
2204
232
2950
9072
3945
6964
2561
4225
593
6745
161
1673
2065
8762
9202
6913
4657
5504
7237
9650
1150
1670
2541
6314
9862
5477
1562
1381
8082
5788
8110
5987
2465
7843
7612
8508
3277
6323
1867
4336
4739
9690
9732
1834
998
1681
5588
7138
2601
9234
4856
5606
7542
