7204
9261
1761
2946
9797
998
4932
2964
1075
4939
9420
8032
6919
4440
490
6705
4896
7427
2604
2381
3822
2746
9256
9122
7859
7562
2011
4065
8087
7386
7191
4892
4583
6016
7518
3632
4946
8302
6528
7157
3632
2420
8682
2959
9256
967
4971
2477
178
6176
5571
6711
8
5412
1437
2156
2423
9885
6758
7052
4080
2201
5371
2718
1515
7163
6491
9621
1469
9784
7882
3927
4602
478
4811
4978
768
7986
2670
4771
7684
400
9812
9471
607
8971
9382
2326
4352
5989
1082
6972
5996
3829
6299
5297
3048
2363
5741
2893
5501
5809
1030
6723
4408
2816
2781
6262
1575
4513
6816
5407
7208
1406
708
8665
8569
3822
7691
6017
2193
5327
2137
703
557
