9788
5937
6946
1894
5325
974
7163
4388
2736
8752
5476
1330
1980
3821
1782
833
3632
3270
9093
5785
385
4408
8496
2036
3387
807
3319
6643
1964
8480
3204
3383
66
3552
1029
3337
9134
9735
4817
256
404
3766
2163
8160
6091
1114
9346
1389
7167
8120
1040
8705
221
2473
9170
6075
9896
4704
7904
6313
3705
8567
4715
7548
5475
3647
9742
4233
7593
1175
1776
9096
3036
1906
5091
2224
5636
7233
8012
8631
3277
1697
5446
8739
790
2233
4937
9956
466
7766
8326
4962
4800
9389
1055
2987
4859
5006
3363
4319
2111
5164
2170
1527
6056
3893
6613
6332
7940
8029
2521
7706
3590
4189
9307
5288
3339
7136
8192
7138
4790
7189
6242
7777
9016
