8298
229
2918
7332
7020
1743
1670
2595
8886
5254
2614
8597
4788
1911
1586
7076
2969
7205
3467
1703
5955
3591
491
2340
84
559
6344
4052
8487
8733
7627
5322
5624
1447
8162
5206
7485
471
535
2373
5288
805
3150
8699
869
6038
7502
1493
1983
1465
4751
7477
3066
3866
8725
7656
121
5893
7058
8352
1731
9250
8376
4227
2083
3421
1207
9078
9671
3006
6779
3894
7507
9445
1804
4723
9371
9858
2498
2117
2086
3695
3708
4
8392
151
6005
5908
1813
4140
1179
777
4190
9681
4887
4681
1341
9814
737
5433
5378
7822
5764
7378
3936
89
9317
9222
2297
5565
3186
3373
1984
8287
6024
4711
6434
1412
7388
9823
2775
3864
9587
3414
6401
