7261
2244
709
1822
6170
4881
458
4927
5205
7445
3260
5765
6112
3502
2981
462
9825
7672
2521
926
3942
613
882
3504
3586
3787
966
1431
9136
7385
4266
1848
8593
4198
8789
6054
5150
6
9906
270
6243
7835
3152
9251
2389
3715
5269
8266
4301
4291
1370
3552
2860
5455
3444
1349
3832
5003
7638
8433
2329
3239
7286
7207
1695
5404
9298
1849
8875
437
4646
7179
4085
825
6504
6412
9133
5614
4265
9815
693
601
7365
4678
8765
8901
4443
924
9617
205
5788
2016
734
8391
2657
7666
9305
2509
5944
4023
1704
1703
7712
6464
1203
1466
8032
9128
8091
8020
3780
2138
5123
3738
4509
9396
6172
6302
3448
4395
9673
4662
5082
1279
8550
