6427
1677
388
5271
4049
6422
1932
9432
1551
6968
7099
8086
2632
1908
9210
5406
8468
3302
2466
3691
301
6752
9748
6827
9268
9754
3757
3720
4235
5366
666
6061
9155
8774
6303
2315
7388
4307
6032
8407
1877
5885
2081
131
8125
4938
2563
7898
9168
2125
1268
8907
6028
8563
3955
1462
9958
9052
2501
1054
6432
9708
7250
4728
9581
1632
1405
7886
2275
158
4444
9147
8903
969
9294
9002
1009
8614
4472
7874
9192
7688
9124
3425
7235
7513
6849
2162
7093
5167
185
6379
4789
1034
6341
9861
306
4379
8494
2655
9421
464
6494
6854
2064
3684
2115
9097
4520
4911
1659
5415
1326
3369
5577
1307
4186
15
9967
6084
5416
8302
2235
5295
9212
