822
3998
8439
5524
7470
1082
7866
3084
2095
5531
2392
5950
9524
3100
8820
9289
2719
860
5834
6035
5907
8240
7410
5831
1356
9907
5745
7560
8649
7953
6991
4411
434
5146
9283
1951
5753
9707
4219
4958
731
8565
2802
1403
556
6542
4670
6489
924
287
1020
4237
9745
4727
5899
7465
5564
5189
4697
2130
813
2512
4192
5672
2736
9347
5445
8297
1083
474
3255
6246
501
4531
9803
1035
3842
7138
6656
7322
314
9344
635
217
8753
1841
4622
5554
4508
9724
666
8138
6521
2957
370
4898
3697
656
5117
3176
1877
9333
9825
9364
5179
282
7068
7415
2157
5607
820
3310
398
6063
8084
8418
9274
4270
2241
2161
7966
2049
590
553
5820
