5347
9013
8967
8844
3182
1645
8787
8615
5134
2758
3414
8953
4743
1977
9096
6858
2358
3362
6968
1816
2955
7067
9416
1539
9186
8831
8189
9354
8596
9152
5545
1666
1684
380
3016
9915
4470
6441
54
6389
5173
3612
9506
6243
5668
9976
792
9489
6219
416
64
9259
2952
9735
623
8913
687
8995
2138
3039
4302
5610
519
2541
6656
7299
3722
3833
1695
3543
6036
1335
6461
1434
8764
6103
5648
9308
3262
6824
5230
1616
3012
3089
9167
7139
3242
2040
460
7214
7731
9267
6840
9240
1255
1937
343
9652
1340
1568
4452
375
5739
9291
8785
5849
6338
2454
9627
7710
945
4234
8420
8034
2689
2959
7735
601
5605
5422
7516
1371
9538
1121
7936
