8714
9414
9742
3715
3614
4549
6633
2807
647
1912
424
3003
6318
5985
8375
5354
3779
3371
3610
2782
9866
7554
9041
238
9857
4837
7566
9775
249
8285
5116
3193
7628
39
8230
9362
5255
107
3678
793
3971
125
3454
7005
3328
7586
5407
2169
8986
4009
6391
9594
1279
2027
2995
9409
3281
4206
4875
368
5481
9754
4893
5420
7049
7877
6163
6569
1099
5472
2918
8356
5629
5031
9386
8699
4035
9630
3294
5138
7366
8116
7113
5698
7921
629
2432
9194
6713
4771
4632
3889
173
2181
8597
8855
1854
6295
3779
8494
6812
6081
6380
1989
8838
7301
8956
5618
535
3707
2285
6570
4654
6578
3026
2753
581
3221
892
9912
4288
486
6140
2836
807
