8983
5169
9282
5567
9574
9806
1173
2956
9446
1300
5434
844
9225
5661
5948
9868
9294
283
16
9444
2747
3662
6174
1701
9178
4359
352
2345
8807
9316
5327
3603
9764
3562
4943
5583
3003
5968
3856
8350
4842
358
6242
9168
2902
7617
1793
6783
4939
6859
6884
5023
5902
8230
3377
280
6802
6799
38
2544
2549
628
3277
9787
6253
9804
8706
3180
6707
6589
1642
5004
181
9003
5084
5463
1520
6478
9309
8343
6887
2787
1161
2071
402
6752
8546
5515
3129
2440
3456
7912
6150
2966
2513
7218
6873
1641
4064
105
3061
7234
3450
6410
6694
1900
4163
9849
9370
7764
4431
7881
479
2483
3371
8393
6015
8038
5687
9171
9178
6359
4092
9173
4207
