8590
4900
5850
4538
6815
5508
7877
8779
4241
2752
2861
8014
8906
5534
5512
874
476
5017
900
1628
3014
4117
9560
3002
737
6507
9805
9865
5779
4554
9108
3009
3817
6196
5127
2073
456
6459
6221
2242
9667
9274
939
4786
2591
3258
881
4183
735
9523
4396
6490
5728
975
7371
4446
1479
8661
5511
7822
4446
9195
8360
6749
2403
7428
4916
8224
9487
6289
3317
5342
3329
66
8679
9052
8059
9859
5799
274
660
3535
3757
6230
9208
9678
5842
3201
7412
433
8509
7100
7954
4645
3044
9130
6198
711
8350
838
4517
8676
6799
1515
5681
33
4514
3506
5960
1159
2948
3064
2547
4785
1544
6355
9592
342
6074
3986
7957
7621
4186
7563
5270
