8273
6244
6188
2612
7301
5460
238
6975
8730
9832
9539
952
4493
8851
2426
2960
9945
8754
6136
7432
4628
769
6423
8543
6243
4248
1983
8457
3942
7016
7677
873
938
9018
306
3666
5315
3044
4824
6463
6540
8564
1872
8392
7802
3222
5695
9420
3074
6020
9163
5048
996
2266
5662
879
3977
9800
216
3399
8791
2149
8336
7698
4240
6505
7247
9417
4428
3288
3183
1040
435
7408
2093
9284
8157
635
9653
5056
9054
8166
1043
5128
3053
7749
249
2203
9471
3084
7174
3884
4905
4304
7392
9986
8061
2019
3149
1364
9099
8075
8202
9432
1816
2295
4885
8442
634
1268
6914
8186
9190
7146
3538
6725
4572
2367
3310
1578
7903
4645
8593
2522
3080
