3811
7156
6912
9084
6216
1713
5270
8859
7179
7247
1936
2706
8383
2213
1115
9477
2849
7521
6940
8422
7245
4105
2467
2128
9595
1155
1512
8923
3594
2703
7222
9083
6994
9110
7410
6356
3275
557
4221
1751
9086
2157
771
904
4694
2982
5971
6213
2104
3481
1439
1503
9787
3109
2948
8695
5794
7383
8050
1430
5111
7414
778
9763
2261
741
2117
2268
596
4192
4683
472
59
9969
2278
1831
8639
706
6766
5073
8817
5983
2406
4287
5562
5062
394
5516
1186
5914
3548
4551
6176
3937
1527
5627
9503
6026
2570
6714
7758
4988
1498
1163
2811
9479
8102
5098
6715
513
7441
5605
7669
9662
5768
968
8439
8043
7593
2346
7742
6914
4045
5670
6694
