2459
9867
6488
742
4987
7750
504
9369
2082
1044
4921
3435
6165
8058
300
8900
9510
5276
4703
9618
3250
2069
3305
9733
3100
809
3532
7255
7691
8056
1958
7825
1359
3239
1797
2079
4658
1099
8559
7238
9051
9808
8798
4590
4575
4471
3843
4197
6521
6240
7564
6141
5449
5612
4891
298
307
4432
4107
9837
6151
6796
4212
3060
3883
2521
1760
4848
2143
2120
788
1755
9947
7731
6860
6430
6808
583
7763
3367
9500
5700
1779
6871
4521
1597
2692
9185
6720
5029
4051
3294
4347
21
3693
6546
215
3980
1772
2015
5028
8523
8508
9890
1273
8744
3064
6893
7745
1480
5728
1581
9641
7026
6185
90
5502
7146
2513
7125
1076
241
5449
1692
7012
