1647
5282
8622
3987
9412
7372
953
9872
2102
2987
3144
8619
2620
4203
8525
5040
3865
817
1688
8471
7173
9168
6645
7473
5650
7216
4260
1507
7557
5975
2049
8163
1070
7911
181
102
4209
2939
288
4129
1329
2315
2315
8649
9004
2161
1778
4958
1211
7683
4026
2576
7776
295
1543
5217
6499
6633
3536
144
6798
274
945
3917
3523
7640
1102
6926
9855
3763
5597
7062
2167
314
6971
7868
9835
3566
3000
1441
5734
3560
3783
549
1939
2422
1703
9896
9484
121
7303
7648
1509
822
6561
7135
4218
2874
9120
1525
6797
4707
776
1758
9263
2244
9134
1373
1932
9204
7040
2098
8503
6453
2134
5059
302
8197
9191
8306
5054
3718
4701
2690
3233
