5446
9143
4967
6975
777
116
3440
3217
8220
3479
6035
3125
3173
9800
6082
897
4377
5055
8137
8903
6841
1969
9157
6786
7064
6983
2481
2509
7388
5901
7111
4780
3752
6534
1061
5493
5763
5712
3905
6716
8214
5512
8627
3579
3281
6226
5050
1048
2997
7435
1363
276
8196
3451
4270
7120
5860
4701
7256
8515
292
2090
9947
363
576
3418
3055
4779
802
4331
7991
9865
1752
2543
5795
4371
8983
413
7174
2363
5997
824
9704
5975
4439
1379
3146
2005
3675
3778
4559
9251
7971
4309
2207
6783
9468
2917
3242
6799
7598
1177
8882
8909
2268
9882
3545
369
1004
6210
1829
3582
6850
7194
8496
9584
7388
7363
1108
9432
7764
15
7462
4700
8159
