4628
8908
6850
9526
5484
6142
8466
4751
1927
8787
9657
3840
6970
9077
576
7548
1748
1130
9007
4729
3797
2108
6015
4719
9020
1169
1566
6683
8386
875
194
6878
2007
7908
5457
4149
5144
1397
6199
5299
8072
594
4072
4346
2915
4589
9563
2441
6326
4491
8346
5234
2106
6742
5287
6230
8493
6417
4138
6035
7704
4873
4284
6383
8153
3512
444
9949
7659
3558
7015
1988
5140
4334
3938
7670
9050
8896
6290
6890
3802
1096
9797
6219
5544
939
5314
2901
6718
146
1421
4812
2591
1513
5521
8660
1955
9437
423
230
9096
4559
7778
4913
5017
6439
2528
3207
4452
8550
334
2737
6100
9220
8372
6885
5437
907
2308
9869
3615
9649
684
658
5817
