7043
125
6365
26
1452
2442
7802
6734
674
1928
6925
9428
2013
580
7672
3984
832
4920
4137
1817
1097
8705
33
8912
2281
9920
3679
7288
6203
7143
7168
1895
3134
5291
8420
1777
3901
7571
9082
290
146
8709
442
1421
7308
3173
8200
5601
8184
945
1344
8587
8877
6970
1927
1755
6111
570
4997
1988
1483
4948
4302
5601
676
3846
2594
5926
4856
7248
2916
7589
4989
1479
5551
1084
2548
192
2399
1926
1516
7735
5110
2976
5823
6696
6450
3557
5569
6259
9290
4148
9494
7934
1044
5714
8679
90
6988
5369
1390
5106
6995
9256
5518
2286
3015
3906
3188
4751
3891
8013
699
8369
1588
8525
3488
734
8518
9660
1715
3534
1430
4169
4497
