2299
5051
7886
6571
5682
620
6897
1645
7785
7499
2110
9900
523
5934
4176
5768
1948
3062
6302
2524
9441
9071
313
4416
5935
1056
4634
2725
8772
5885
5501
4797
9573
1960
4856
6097
8224
8598
1325
1446
8986
1213
7144
4098
4864
26
6369
1093
2449
4850
2199
8312
8170
2019
6755
9107
6976
7293
1216
2663
7320
3024
4259
7970
2815
2269
9928
6790
7350
7322
3913
7615
8304
9992
5485
9326
4086
6049
7057
4996
318
4399
7050
7930
3993
6170
6774
3675
3220
6462
411
8098
5298
7317
1679
9213
1195
7973
213
7582
1028
7011
7053
1805
6596
1601
9241
1520
7266
4695
6999
5184
597
5792
7965
5626
8240
9521
6468
6419
8231
9376
7127
72
4328
