3600
6019
6014
2392
9277
1377
687
764
6521
4429
6370
6259
6451
6158
9579
6494
7409
220
9681
4461
7383
7250
6638
3829
4041
8036
1840
5330
6427
56
6027
9604
6051
2588
7274
1600
8259
3225
8273
2300
2873
1745
3853
8840
5681
3492
4214
7740
536
6404
9200
2893
3378
3991
4920
2122
1552
6836
4550
2662
3812
9560
514
8893
5003
8157
2448
4958
8819
7459
3828
9914
6951
5256
288
5489
437
1074
563
4834
8361
4415
6574
3329
6935
625
2638
316
3166
9118
1746
729
9062
4516
7042
7653
872
1045
7506
2898
922
3560
6611
7465
7740
6693
700
2985
3351
732
7654
4358
3827
9901
360
7946
930
2112
2777
7511
8653
2724
6873
2789
3374
