8693
3351
6755
9336
6197
2174
4286
2675
595
3363
9270
705
1978
2422
7130
2163
2739
89
8953
2405
6071
2288
9015
2275
9872
5165
2133
8148
7183
6356
2746
4066
9314
1642
4925
6023
442
9471
2063
2749
1492
8093
5440
2342
8819
3702
236
1556
4109
8179
9384
1621
6878
5050
1291
2952
4524
4359
4046
8469
9405
3202
1917
588
6612
6017
3881
2266
6611
7015
3140
8080
2597
6769
4882
8230
6091
2910
1475
9079
3831
4965
3442
3383
4958
8401
5575
7033
1412
2168
2277
898
6631
1378
7515
137
9974
5895
4375
483
231
6581
6656
1262
7198
1689
4377
3441
7418
59
4777
7110
1806
694
5368
6656
7616
1396
5362
5920
8539
919
5355
6382
6718
