478
969
3680
1887
8114
1863
6046
9032
1088
3752
5503
7707
9197
8474
4661
8523
6311
7466
5619
7857
6295
2694
3288
4909
1550
7047
9219
8647
5832
4511
5278
7575
6150
4402
6813
6427
2675
9099
6854
248
8188
6735
9630
8451
3544
2496
3850
671
5685
5099
8535
7499
3936
3053
7039
8419
833
939
1945
3191
6241
7603
9238
2742
3437
8735
3582
2833
4812
7
5443
1358
6635
779
2737
5643
9785
4060
3633
7558
8574
505
495
6744
485
3297
5701
5529
8007
5819
4442
6609
9955
7142
3957
2697
5269
3514
6278
2082
1766
8233
1699
991
7210
4093
9356
5314
5210
7297
8
6250
9957
227
8115
8526
3699
9941
7114
8122
2117
9298
492
4328
9391
