1834
4421
3363
6311
1534
484
6373
8262
9116
9130
2157
9332
412
4062
1128
2580
1451
8395
6628
3344
2072
1554
5446
7945
9880
7774
1403
2437
5293
5902
748
663
1620
8810
8196
3028
9657
7644
2908
994
290
6962
5147
5265
9617
5922
1854
2995
8530
5612
1048
7260
951
7109
7445
584
102
553
3150
8654
6670
1606
1903
8373
1775
5783
2950
9332
4406
3474
8444
6144
5070
5972
7332
2996
897
1414
3318
378
2667
3882
9385
1444
586
6141
7017
7319
9041
7554
5325
4538
4750
3771
9883
3150
2746
4848
9897
6778
3694
2334
8800
5032
6865
762
8465
8001
9669
2425
9288
3938
4550
9817
3013
9865
3784
5624
5581
3099
4972
5808
4875
8234
6885
