4436
6012
5254
3197
1641
8302
8163
4309
6182
3817
713
3562
4754
1034
9014
9685
9472
9543
8525
9522
6279
8253
2105
3495
1959
4294
6822
3644
8049
1643
7284
4032
6445
2310
1080
5824
4381
7631
4209
9029
6139
2836
3655
9220
8768
3694
9811
3802
3113
2971
7405
2866
7984
9632
701
5409
568
1193
4937
9900
5570
489
6849
7326
392
8968
6971
9093
6008
2120
5765
5734
5843
9511
740
1875
8501
1968
1385
8188
7189
3888
7434
7254
3584
6958
4903
1548
6223
4434
8448
7308
5227
2126
998
980
9390
5943
5647
9165
3111
7143
7184
958
8172
8940
8206
8792
4536
1139
5713
431
1630
1375
7336
5735
4730
8830
2037
4225
7222
8745
638
5087
3092
