5455
7667
6127
9069
1385
8209
3869
601
1583
6623
6608
1295
7021
3154
7281
8229
4369
2305
437
8934
4700
9266
5900
8880
7078
2434
1960
3327
8659
7566
25
868
4486
3267
5890
3240
8538
4122
7723
2912
2451
3173
94
2993
8049
7983
4151
8901
6463
9401
7285
1944
1750
6640
1470
5462
2401
9867
5625
7964
5675
497
1647
1588
7703
1206
4584
3131
8801
3254
8738
3542
9403
85
8834
425
986
2756
5795
4935
2238
3182
8881
6823
7165
9263
5202
9813
2431
5996
7270
1300
3304
1700
9368
8064
4105
2498
7615
7718
8094
5831
6966
9176
325
2276
2752
1396
6490
739
6568
9746
820
6079
5582
3170
6322
4553
5817
2167
4324
3626
7760
9069
2189
