8287
2947
5273
7494
3762
8284
7191
3680
5907
5640
254
6989
5605
9925
1815
5211
8078
6479
2466
4581
4549
8087
5205
8186
9023
9587
8006
660
5117
3539
8199
7527
1557
5360
9441
961
4814
2658
7529
9398
8826
1286
5658
6141
5680
1661
7720
1444
2542
5560
226
5663
6961
8532
9039
86
623
8447
8400
7980
3694
7533
9083
7269
1721
8176
3115
3488
5580
6079
7472
5676
1898
9630
5971
6563
868
7033
7443
6200
5540
4746
7898
7244
7227
5963
9128
8926
7741
1040
1444
2994
5826
5825
7264
3138
2442
8859
8143
8818
6630
1217
1658
8095
6175
3390
4457
3794
4707
5728
558
5902
5918
8580
164
2918
6321
5423
4627
693
7104
2530
3469
1268
3204
