1357
7643
3241
1613
4542
1319
2493
9073
6650
4697
6618
9251
2218
2987
3368
4625
4669
8775
5260
8951
2471
8215
4533
4524
1379
7580
5945
6850
5974
6329
7779
1225
2336
7869
791
3324
1798
7205
5294
1906
8355
5780
7055
3262
3756
4732
6377
5418
7673
9735
4825
3038
4832
448
8718
4056
7952
7299
5493
8440
143
8793
1470
2831
8544
1836
4234
7943
6695
9750
8937
3261
3607
3828
4060
3862
5917
7708
2849
2786
9922
7149
3151
2872
6729
8555
7167
7564
3794
5532
5431
5084
82
2750
484
758
8488
3257
7838
4667
1453
1056
1006
9346
210
1054
4008
7158
5941
5415
954
1019
2970
2668
69
2356
16
4287
4079
3174
8570
8798
9038
2660
1606
