5512
1714
185
9045
1442
4633
7108
9405
853
2026
4370
7097
7642
7380
4585
146
9583
5793
9158
4575
7591
7290
8355
1576
1259
6258
2288
6383
5816
8777
275
8691
6871
2859
8512
8503
2870
6394
7805
2378
9600
8817
3817
128
2970
8276
3267
5821
3265
2421
9490
8366
1757
3846
9871
7333
6374
9613
3133
8118
9933
3027
6683
678
2277
6059
3956
7632
8735
1191
6566
4298
9505
7160
9820
5567
6639
839
9647
8949
2856
9165
2224
8606
565
3265
9768
5697
5769
112
6688
9514
9185
423
179
107
8631
1904
4079
7529
4628
9969
4945
2429
3820
607
9649
5985
5718
4891
6235
6310
1298
4380
7349
7430
1919
4185
4689
4660
3056
1206
3090
4962
7490
