2079
5607
5933
1485
217
9546
3579
8967
6282
8089
3133
5724
8790
661
7556
3427
5879
2647
93
7239
2231
4132
4990
424
7554
1904
3241
8129
6314
6664
7398
8905
8538
2235
8287
9778
2191
4963
3955
9237
5600
5764
4705
9089
4789
2598
1961
3684
8439
7940
3580
3949
9098
2836
4893
7536
6840
3772
2419
1970
716
26
1226
7820
6518
1097
1405
2564
7442
2723
3350
5955
1214
3205
2896
3549
6684
8044
9159
2566
6768
1142
5017
435
4518
9574
7100
2342
4493
3197
2984
3801
6228
2090
2736
7805
8336
3496
5634
3942
6628
1849
5420
4729
4067
5339
76
8649
7824
2553
9099
6573
4626
3888
8123
8833
4156
2437
1694
1746
3927
9553
3747
3331
3565
