6905
1925
7119
9699
2734
5714
1961
920
5562
484
670
5063
7628
2248
6056
9767
6006
9306
9371
9792
4779
9671
3833
199
5513
4553
9130
5616
2601
1435
9107
2767
937
9059
3499
7445
291
739
3494
2315
9855
3694
4203
3908
6724
133
4445
9144
2747
5621
2156
9096
1603
1530
8750
7422
509
2698
1354
3642
9924
3174
3402
8359
315
1825
3379
2363
8528
2331
5524
8789
8121
7803
6381
9287
3870
1579
6887
174
3406
9115
1343
1085
5006
6028
5132
5354
2243
7495
8823
837
6209
2686
5957
6189
7372
3739
233
1052
5058
362
6627
3443
9626
6719
3446
51
2434
3466
7533
1154
3201
1241
263
6445
8572
3325
7287
4914
8371
672
7996
7781
3627
