1014
8984
8456
2494
7213
5269
4325
9103
7577
965
7608
3837
7306
7380
876
5430
2874
7276
527
84
2548
5428
8767
3212
451
196
2620
5092
4334
6464
4083
4928
1021
7491
852
6036
2887
3498
6065
9145
4465
9222
5879
6597
3374
9911
2127
6376
6541
3811
1372
5240
4840
9926
8866
3943
6483
8732
99
6314
7051
9071
3586
9847
493
1898
7111
3856
3535
5393
5461
6093
2015
4443
4554
8831
7371
7585
7874
8564
3101
9067
8258
3352
3489
9035
8366
4794
9600
9322
8856
5085
2445
6849
5194
9439
4889
2725
135
5470
8235
3369
9461
5614
6551
9584
6295
1007
4655
5062
8151
6893
484
3638
607
1227
1945
27
814
3312
5198
2307
4672
8882
513
