8346
6557
1146
4551
2704
1927
8582
8790
9746
3516
3863
9122
1064
5565
9543
7654
1629
1423
1687
4396
121
3132
3988
2392
4338
7684
4789
573
4009
461
1575
1631
2086
1271
3549
9966
8560
1916
8903
1438
6609
5838
4038
2637
9286
5661
4778
7821
9186
9240
5949
3972
7701
9880
7746
8660
8662
4114
8981
9416
6481
8490
7598
6175
5891
2942
8937
4606
7450
1439
4032
4186
5896
34
322
456
4997
7254
1792
426
5819
8722
9312
3347
1088
7418
8905
4598
3546
278
6561
9217
5118
9357
3188
118
4834
1788
8238
6088
5181
3493
9974
8676
1602
8276
697
4471
389
6345
5673
6267
3777
5326
8523
4452
8579
4589
2140
8425
9152
106
5845
3960
4911
