2932
2208
9084
5455
5851
795
1525
2498
2988
2036
6844
2223
9664
1345
8601
4404
4779
8931
6684
3220
2715
7356
189
2901
2720
2864
9479
8204
1463
956
8847
8442
3679
302
9627
4148
3917
3874
8949
2262
8255
9170
2834
6878
3803
6121
9397
2997
8971
7605
9888
7177
4948
7151
3969
3596
8395
4649
1247
2836
6545
9440
7087
7749
3289
4340
2740
8649
5078
5295
4518
7757
9275
686
4914
4208
6979
7949
6200
2192
1467
9675
7472
373
5820
5700
3387
5712
2697
1152
2619
8148
9338
4109
2945
6918
2600
8515
4612
6132
9879
8666
8314
1077
4977
4681
8587
3251
5100
142
3283
4116
8865
9389
2519
1681
7265
7735
6442
5616
1928
5568
126
7058
8954
