6106
3111
3655
5685
3930
2212
3732
7777
1788
636
9753
2420
4822
3669
6027
475
7171
651
7272
1979
7261
6692
3178
3272
9037
2790
9988
6281
8323
6829
9375
4812
7413
7288
4074
3614
7316
8260
6756
8828
669
5873
231
7929
437
5730
9043
6546
397
4704
4093
4762
9203
6195
1082
2955
8633
1980
8301
8328
7641
2479
9574
5547
981
6336
5245
4355
6241
4203
3545
6559
7929
5092
8467
5839
369
8681
7765
4855
1351
7564
904
1705
4364
6569
7681
4956
3340
5761
9484
4892
3065
8536
4451
3573
4967
3963
7492
3346
8786
1879
7172
6625
564
1109
5226
311
5051
1596
1912
1351
7176
1057
5218
7310
4006
509
9023
1227
6885
160
7721
1872
4026
