4519
7322
8603
3459
5949
9163
2833
6315
1927
780
7172
1364
2705
3291
6461
4166
3513
6494
1784
1799
5811
7867
2003
3891
4852
7407
631
7514
237
1743
2148
4247
50
9625
4703
3720
2318
4100
5590
5052
6933
6176
3313
6147
2375
2078
2164
2349
6709
8933
909
8585
1212
4652
7809
9150
8056
6813
8235
6576
8179
561
6094
6267
4462
3014
1813
3349
9114
272
613
4353
6451
6129
2150
9057
5895
337
7820
2628
2993
6564
1256
4650
7493
6703
9837
4367
3758
2769
1398
1039
3882
2088
5614
1129
3095
9667
9979
3505
387
6284
253
7007
7779
251
6572
8699
7141
1084
9825
4320
2430
7935
8318
5045
3793
3137
3738
1591
274
677
5937
745
1482
