9985
5164
6512
2130
2378
2107
26
5088
2816
8107
7722
7971
5624
959
3207
858
9348
3735
8750
8961
5878
6544
4179
8133
3937
5177
2789
993
8450
6082
1498
6936
75
8657
8904
4241
3652
7705
2819
9127
5747
5961
6109
7192
5410
7818
8741
8866
2256
9742
6644
1499
5069
2114
4434
2846
3124
6834
9503
2458
3694
9297
8460
4440
5975
5686
2305
8761
1662
1566
3565
220
4400
5736
213
317
2855
5275
8770
5228
9592
5201
8464
2905
40
9451
4182
2055
137
5208
5586
7417
9048
9305
4522
6981
5116
8378
508
279
1611
8803
4754
4023
1364
105
8598
3271
2033
9448
7566
5819
8695
1027
2280
6987
4118
5270
1792
6303
9683
422
2626
5821
9249
