7124
1246
9277
8010
3435
7243
4064
6867
8642
8776
4485
5341
4863
3697
9840
6447
5456
1959
6193
4883
284
1283
8937
1208
4617
5168
425
6100
3787
5360
5983
2347
9875
7649
6761
1511
2653
4825
2432
7693
3929
9456
9112
344
7429
4310
6057
5875
4878
4587
6089
542
8379
261
3682
687
5399
3593
282
2716
5696
2041
8953
8531
2734
1879
6431
7172
920
4298
2384
6821
7338
8640
8853
5476
267
9489
1540
4666
2208
2147
4475
6338
1460
3086
1536
7789
3396
35
8047
1892
5594
7589
9059
2781
7386
4021
6103
2332
5213
6427
7896
3310
7586
2552
9731
3157
75
9797
7922
4709
128
3998
120
4579
648
1000
7667
3839
3525
119
7588
9908
1943
