588
6009
8756
3247
4717
7268
7616
230
5784
9255
3900
1025
7038
8572
6614
6480
6743
6393
6531
9212
9216
3667
8090
9398
160
2341
8740
188
9054
9503
892
7927
3815
6158
5680
3820
2451
6294
3755
2434
4907
9035
6902
9853
8436
6759
3468
479
7345
3112
7217
9693
5782
2083
2111
4929
6219
6199
7733
5769
4358
2620
5057
4362
1377
834
2445
8845
4022
6778
7551
5010
4128
1023
7199
4964
1382
4880
5530
6584
100
8832
8536
5734
8304
2856
6124
7659
9624
3541
1785
7961
4501
8607
2052
3975
9913
1210
6689
1911
8698
8693
3588
9065
6129
4079
47
8175
5700
30
5542
6722
8020
4009
9047
1312
3334
2665
5767
6417
5665
6053
8288
8181
4336
