6450
6572
4580
2126
1610
7646
3420
7074
6999
8681
2403
7698
5942
9838
7352
6270
9715
5735
7147
6949
5647
335
1131
1297
8897
5445
9070
357
4702
8960
6129
1007
5656
7778
9529
7808
4668
3907
8463
6295
7406
363
2816
4039
871
4713
5624
5621
8319
9064
441
968
1909
9315
2735
5141
6226
6578
7965
529
4001
5752
2440
5554
535
5277
2942
724
8497
404
1240
2212
5480
4839
1431
1682
9832
4735
3802
2338
1214
6185
4141
5017
1315
6750
2255
1995
2463
6838
659
5104
6211
9272
1924
6079
1646
3954
3718
4201
3672
5000
8599
5705
8840
9365
9590
1066
4097
6769
1598
4692
3773
3883
8039
7125
2254
8405
4656
1068
2216
2721
6380
6720
3633
