7989
6514
5359
8598
4698
4666
3975
1900
5302
6385
2874
3057
9086
4001
1411
5322
187
7837
159
6650
7021
1124
4505
8829
5119
909
6094
1458
9590
8475
2035
4656
5865
7247
3656
4173
5856
8957
9322
3371
2212
1225
4442
6176
4580
6597
1756
5434
6117
4495
8714
7168
5502
8095
6084
828
1695
6663
1912
4829
1622
432
582
4230
2408
9578
911
7010
2608
7288
5097
3995
136
85
9961
5567
3946
8048
9748
3608
4762
7864
2342
4646
6764
7345
5501
8882
253
4707
1256
6055
547
6932
8193
1267
8353
3325
3174
7851
955
8165
9335
3121
5933
8673
5951
3330
8967
52
3146
8456
7084
808
3516
8869
4349
76
2205
7037
4835
7786
1234
397
8807
