863
9805
9508
8790
121
4002
9200
1291
891
5540
2123
3378
2630
6058
202
1572
8434
2294
578
8958
9077
8191
8011
4414
8460
5219
3455
6070
2856
4164
9926
9554
3397
912
6024
5751
5618
9049
7569
9620
5729
5263
3988
2908
6385
1869
2632
7216
5791
9760
4930
5575
7446
8595
7860
8618
8575
9826
1464
3269
7971
2918
2947
3179
5855
4523
1554
3760
90
8323
3327
3513
27
7583
8523
5655
8949
3010
5326
5061
2130
8755
9298
9009
7488
749
9245
134
2044
4629
7812
522
8175
2402
4303
5744
1186
8216
774
6488
3501
7218
3844
6129
8554
8766
4829
6005
4975
5116
2576
2338
6956
8365
5491
2274
847
3466
1934
6072
2248
3367
3268
7679
8692
