6820
6331
3732
4847
1514
9375
2153
3372
4324
1472
2386
5266
3431
4225
8431
3741
6666
110
2909
7558
167
1201
9519
2120
3065
1182
2893
3161
9558
4868
7656
5672
5983
3970
6173
232
5944
1241
9678
5564
2341
1523
5833
6567
563
4009
8573
216
9152
8370
3467
8728
7101
9430
2614
7025
2479
7240
7690
4408
9498
5529
3845
350
1971
4980
677
1488
2560
388
3751
7187
3902
3175
3067
3857
7855
841
4026
3120
6896
6528
5137
2668
9958
2903
5103
6643
8703
6455
4778
724
8948
7455
3549
7485
9592
7148
6341
8315
8072
5910
1161
4720
9451
5181
7799
7954
3064
2982
1356
4433
773
5523
6705
826
9172
7099
8990
7825
3112
4655
1718
3427
3610
