3837
5382
3337
7749
7834
3217
2041
621
5253
8498
4054
7734
4318
4664
8309
2646
5462
9146
2818
2652
5430
2424
7953
6967
5919
452
7791
5271
2603
278
3849
9458
3884
7528
7369
4813
2368
6898
7273
7390
6323
3994
7292
5641
823
8949
3833
4932
6825
794
9171
2998
4427
7176
8029
4008
4752
3707
1725
1282
3032
816
9414
2051
6418
6991
1775
762
7167
930
7696
9808
8624
8452
5092
9123
5002
3443
4117
5238
1754
211
638
418
3932
7531
1708
4230
8633
5147
539
9283
294
3339
7040
9388
8973
8379
4598
2903
6214
474
343
2968
1859
4018
3999
9346
2828
7926
7139
2790
8360
3885
2040
6574
8811
4746
7557
2211
4378
5058
4586
4702
2124
