7041
9969
1435
1650
6903
2900
553
9521
9030
9448
34
8753
5769
1776
3444
4087
1705
5471
309
2334
3045
7293
6891
5387
2575
7374
2713
5929
2307
9656
9020
8698
8591
757
2380
7912
4205
7661
2188
8279
300
9836
5401
4611
8146
4544
701
3957
5379
8682
4328
4184
3757
3690
3332
9618
7468
6647
4731
4373
3889
1114
9509
8627
9365
8843
7387
9820
3260
1709
7314
3171
1978
9205
3260
5600
5113
489
1310
7423
103
352
9519
4336
2700
9635
8338
5305
1122
6036
7513
2022
1631
6159
7192
5103
2318
646
1801
1647
9001
5601
8514
3061
7774
9080
5413
5946
3967
1957
4403
9359
4801
1621
296
4418
8782
9354
786
6753
3676
459
3114
3688
853
