4591
1064
4730
4097
7631
5894
6418
2853
7348
969
6478
3423
4537
8026
6284
6724
69
5013
5114
1276
9723
8751
4285
5803
1401
2422
6097
6676
8314
9152
6889
9254
5784
2505
1883
4928
4849
8203
2126
8834
6038
3006
7123
7857
5113
4067
301
1530
6393
7048
2355
1293
8928
6230
8115
7024
2953
4300
179
4225
9203
8212
2325
6208
8407
7731
4389
1579
9563
9998
8159
5475
7916
6619
8584
2279
8331
4943
283
7626
1648
6771
1338
5667
6888
5867
3737
4006
3740
5729
7507
9897
5806
9536
5223
4010
8671
3196
9221
5792
1639
5688
3214
9520
7852
6674
1320
326
8392
9870
4456
8311
7365
9035
7286
6005
1045
1317
5812
1665
8550
2613
9525
2797
2329
