3208
9453
5993
7907
554
5654
4688
2581
9473
4738
5700
9067
2738
5197
5050
2046
8897
761
726
5678
4759
3636
143
3275
7095
7921
3990
1038
6707
1744
3024
5004
4729
5765
8958
7093
461
1659
4002
1712
3312
9076
1556
3243
2330
1414
624
7881
7971
9309
543
4421
6200
948
7488
6082
3899
8156
3945
4642
8868
3872
3299
5839
1805
2126
1619
7231
9300
1548
3636
9228
9467
4484
1862
766
468
6650
6798
7824
1364
8328
1643
9133
1172
7258
3135
8253
928
2694
8872
4193
9744
692
5036
7347
9413
222
2538
8297
1034
2777
7728
3490
7982
1354
6712
3539
2598
9175
9933
9718
6995
6587
5393
9410
4726
7031
1656
150
4248
6643
6420
1524
4732
