6987
4534
7157
5732
3772
3529
3741
9751
9573
1750
1745
4082
5030
9364
7688
3633
3638
46
4141
9044
1647
850
1394
2010
4545
1655
9333
9508
8601
315
3654
7508
3344
7232
4300
7391
4086
7568
8414
8246
8102
8840
9013
4571
9472
3883
307
948
8707
6984
1961
1190
9309
4411
7512
5894
1917
2858
4655
5241
9150
9697
9900
6129
4314
7207
4708
2473
9125
4289
1403
7239
2361
3583
2593
5627
610
8655
1680
4425
2971
312
5118
9994
8769
5312
2793
4154
7645
5436
906
7449
2313
3648
6454
5871
5697
9289
790
3369
4097
8126
9946
8754
5538
8114
5762
9796
4825
9319
6526
2573
5523
2684
1309
9975
4862
2493
5764
5407
2637
5006
1650
6522
9062
