6965
8478
2874
2523
2275
9374
4598
1754
3545
8740
9802
4091
3408
3863
1051
3481
6545
389
9460
2820
535
8223
9519
7775
1956
8999
5234
4611
2323
7551
8387
9871
8046
3693
1200
9437
2462
6856
2224
6886
9201
6564
7344
8328
4582
1209
1858
8236
989
5718
5536
6457
5562
6141
9012
4351
9214
7206
6585
9131
3172
6261
309
7969
6432
1856
4185
4213
6296
929
4314
3387
8442
3273
4328
5652
3362
8145
3554
200
8769
8965
2634
4366
8200
184
4705
1492
2679
8123
9195
8963
7473
5388
4932
9826
8241
1116
9205
2299
3972
2181
7650
7083
5449
1766
7909
3688
2475
9748
8622
8847
9529
4506
8983
8395
5332
9303
8789
7076
7018
6809
9000
9130
3620
