3518
5961
9972
5448
7031
9441
2945
3536
5822
897
1182
8334
8757
1064
1895
1260
7865
8100
3578
635
9247
68
6413
3114
9772
6524
6197
1774
2093
5274
4822
7724
4136
1356
6799
298
5869
9293
562
5489
8771
4921
9494
4645
1788
2615
4447
2291
2628
1027
3318
946
7515
3443
6170
5482
6031
2486
6041
5373
8105
4566
4901
6403
4178
8954
864
9298
6823
6418
410
6584
4920
7837
8136
3690
3958
5192
2261
7195
2883
395
6700
3204
4488
1983
2919
2556
738
7990
3890
8412
9382
9787
6075
3269
3816
7908
7906
8058
1569
8423
3269
706
1327
1672
895
2351
7123
3591
8409
862
617
9180
3990
9691
2739
2985
9874
5771
9864
3281
5383
7384
3847
