4124
1040
6835
4014
1287
7390
4249
2013
3298
4661
3523
3143
3551
2172
6330
5806
9511
4249
6665
6963
6815
5167
7460
2401
1830
9662
3013
4017
7953
7885
9497
8525
4470
3834
3294
6215
8182
799
2663
5897
9906
8793
6279
6591
5678
2842
1657
4780
8634
7076
3409
2920
2846
7221
6843
3027
34
5637
2010
8812
5264
9527
1252
551
4816
4468
9114
8910
7424
2787
7263
9306
1292
824
3286
1318
9662
4268
7548
942
8520
2839
7978
4861
8019
3993
739
4861
319
5746
2411
7781
9117
9799
7278
399
4185
5318
7232
9536
3531
9790
7651
7480
2054
3259
8534
3281
9926
681
7179
7046
4544
8751
437
946
1520
6339
2382
8298
4487
6
5794
3360
2642
