7622
3970
3989
7260
5288
1787
2346
9171
1300
7802
7388
1324
1503
1335
8130
273
7094
285
4755
3869
7726
1663
3434
8424
1205
9986
7853
2590
1630
9744
4471
1258
4611
5045
3258
7503
5923
7936
8027
5424
8549
3254
8722
2170
8653
9554
9047
4505
6052
7122
9027
7927
2990
9089
5322
8077
1931
5316
6436
7320
7386
11
2396
1712
3431
3040
4127
7705
7107
9360
7634
9550
4242
9307
2189
7743
7446
2071
250
5917
7693
2725
6139
26
8684
5835
5157
5543
5711
2198
1458
1707
2189
3552
3389
1475
1857
6591
6494
6821
1099
1908
5579
247
6343
1879
5863
545
9548
3013
4906
4049
1282
2050
2501
8481
9945
7163
6117
690
3376
4525
590
3521
2603
