3462
8405
4000
1062
7955
1512
7893
1317
1181
557
9019
8432
1519
3094
4728
2536
7359
8904
9771
7038
1821
1512
8438
270
2363
7177
5297
5419
8491
7229
6184
5317
1306
8755
7135
1721
1815
2796
7583
7823
2785
4878
6645
4890
2931
2740
1796
1088
1696
9661
9953
9303
5349
4143
2349
5037
4887
6190
535
4273
9504
8976
6811
3525
3501
3415
7080
4724
1214
1672
6003
6077
3435
3795
9277
5252
991
7302
6324
3093
8974
6706
5702
2555
6270
7553
5752
1314
3694
6966
6069
971
122
6903
3685
7668
4030
8177
611
3029
1479
6867
2404
7193
3118
779
6079
3641
4395
2143
846
4715
5842
7837
232
8797
7404
2537
5423
8830
5182
1443
4540
421
1746
