9668
4497
5314
3733
6957
331
9390
5335
4788
6226
6468
4312
1824
9085
8907
1751
4584
1529
161
1575
7232
8567
1815
5844
5195
4184
3034
8902
3109
448
5320
4215
6084
3728
7839
1010
3581
575
9868
3707
6490
2103
755
6031
1435
7398
8939
8167
5273
7938
2879
582
8913
863
2790
6215
6262
4867
3990
2505
8762
5178
2974
6059
2317
2553
3040
6400
1517
5062
4427
1077
6385
7053
8468
6774
1018
2927
5780
1505
8505
6673
5657
6607
4833
7373
6014
3872
3528
515
8901
2402
1093
9836
9260
2937
2595
471
1354
97
5539
5247
6099
7167
2897
5317
308
8252
7202
4437
3188
5505
8722
8334
3321
7070
2048
170
2114
4076
9046
6659
9514
2182
95
