1249
177
8010
1108
1436
9724
9148
1693
6370
6770
3115
2634
4130
1290
8147
4961
7230
4493
9550
2765
1821
9089
7679
9682
9195
2120
5166
7508
4505
3042
1241
8700
2307
91
3700
4859
2798
9417
8247
7443
4944
8055
2014
1096
6921
4403
9948
48
923
147
8662
5229
7699
1563
3637
1064
9339
3744
9702
5637
8991
1210
1096
4353
7493
5437
521
1078
7616
1959
3263
2239
9984
5275
9131
2055
5259
6340
3764
9673
3425
3122
9188
8528
5597
1584
269
7876
6140
9493
4714
4473
1849
8868
2678
5140
9345
1469
8249
5233
9115
8150
6072
4195
9977
3079
7239
7403
9842
600
5864
5596
6487
8953
6533
6254
5044
8742
425
2872
1412
7206
3282
9229
9382
