5717
7847
8522
9555
3875
7177
2451
1647
8691
7569
7
5813
6640
5237
1006
7766
7692
9721
1811
3421
2311
5
7255
7992
9158
6949
7062
4821
6369
4440
1161
5560
9488
3756
1954
4756
207
3610
2823
1942
1484
955
6090
7457
8963
2230
1648
9744
5359
2463
7605
6155
2502
2125
7060
5125
643
4061
9832
5472
664
3915
2492
4831
9663
8712
566
1288
2657
9374
1219
3357
5175
3541
448
8201
6402
2211
3710
6348
4056
3266
5579
921
7793
7343
8172
8617
4911
9853
7801
5261
5806
5288
172
1454
3659
6256
9913
3501
3618
4297
3819
6400
2564
8369
4221
8808
8445
1571
7945
9005
6433
3611
3721
949
5487
6008
4188
2695
9105
4474
1477
3859
1420
