7751
7846
8246
1967
7365
27
5390
7226
1694
6420
6256
2367
3355
2958
2116
823
4528
5084
4014
7570
3088
3100
8077
1525
2238
3145
6220
556
4228
866
7631
6424
33
544
7736
2983
2498
8068
4321
3988
8770
485
8323
6094
2543
9502
7020
5895
4231
1065
4387
9439
1520
6608
6936
9157
4050
9276
7623
4624
1902
5929
1456
2692
198
4731
3153
491
9669
1294
8408
1733
190
8697
8902
3984
8327
7905
6924
1252
6477
728
4914
9015
5599
7550
1230
5837
9375
8636
1170
8240
7655
1608
4556
508
1498
126
1807
3000
1080
8248
7182
7860
1656
7313
7106
9719
9899
1407
4358
8861
6729
4246
4111
9219
8778
1879
1533
4937
2441
3563
8006
8049
3694
