2888
5510
5002
6584
2973
4020
6502
7785
7806
4169
1477
3855
4583
2679
6072
2381
8278
9396
3487
9762
96
7756
3252
3404
3845
3084
137
2159
1100
5632
8407
845
4494
4436
4665
9712
8244
8097
217
1991
1394
2531
1715
7518
346
3350
774
3356
9622
8100
4624
2737
569
1943
1545
8715
3120
118
9230
7451
2595
5309
3736
4153
4354
4694
6184
3660
8012
6317
9699
6304
1561
5668
3601
279
5417
7855
9503
5470
5172
5588
6807
7582
8568
6940
3770
849
6834
6014
4768
858
6684
5616
7943
3104
6169
1962
3768
9457
6783
1659
5400
1369
8161
7219
6949
5077
3325
1126
3855
700
687
3009
5299
6138
3557
9465
1699
3217
4175
2402
9613
3031
8840
