8705
7304
2570
51
8430
5564
1391
8429
8411
3074
6902
4259
3951
7064
6121
538
132
4188
838
3416
3413
9295
3602
469
5553
3436
7169
8925
3747
3678
8620
7481
8211
1268
9971
1696
3018
2394
2631
1109
4578
4121
4189
3968
968
2189
1110
3070
1920
7360
2749
8100
5714
3746
4950
8427
1581
9966
3629
7824
8995
9993
4728
5642
3133
3580
8530
3775
4839
9360
1799
1657
9898
6934
5985
7421
8808
7481
8060
5085
9988
700
9444
1413
8087
2388
304
805
7036
8274
897
8013
1871
5759
7533
2175
2693
4040
6134
8633
8304
7812
6903
6008
373
8245
5247
2762
821
2197
1880
3044
9834
4008
2388
9631
5790
7539
8365
7950
4302
3923
7546
148
9439
