4535
9449
4306
5954
2394
411
7275
7417
9081
4204
2360
1528
8771
1554
7054
9692
3783
2808
9968
7653
2033
9561
661
3094
9933
8334
417
5490
2385
7717
536
7988
5581
8942
1520
548
3536
2654
9045
1333
1293
7821
6889
850
468
797
423
4805
2652
6950
2132
4774
2350
7433
580
4737
3357
5958
6375
7846
3476
8479
6366
2182
4063
6457
3263
5288
5526
7662
4174
6882
1393
1425
3350
6656
8854
2235
7810
4618
8349
2192
7121
5938
8161
4348
8997
4515
3651
5550
5008
8064
9252
4751
2717
4500
7239
76
2730
674
475
9698
8701
352
8700
9815
7171
2277
3834
2725
3916
3544
2141
5204
4753
6249
5645
5323
8594
863
6797
792
9755
8797
628
