7119
679
3497
157
9273
5817
9271
5320
6464
7207
6629
2716
7206
6659
7599
537
4017
7517
9621
8605
7985
6885
5371
831
3719
4228
9248
5025
3530
7371
7701
4231
3721
6038
9195
3844
443
6484
7003
5270
2467
3241
2614
2957
5650
189
4541
5340
9335
6531
6909
9713
7221
5064
7947
3923
5159
6133
6787
8865
8023
8143
1277
2170
1023
980
8425
844
7086
5010
7454
3181
596
876
38
3070
900
9759
9351
9164
1368
2011
5755
5640
9228
7938
4030
9787
3539
324
4682
9809
8136
2534
5
1551
8733
6021
4642
6613
6382
8021
3235
2300
1424
4890
5977
6691
3333
9000
8827
9003
5246
4678
4862
2348
9594
2848
6438
6093
7592
227
396
4017
100
