2679
6832
3094
4458
5484
6860
4167
7622
1329
1598
3339
3525
943
2672
4377
9819
949
7894
2184
8134
6328
8060
8946
3603
135
2719
2889
7023
1014
7748
2124
291
4086
1531
6931
7237
6713
6413
7132
6737
5234
4996
3976
735
8062
554
4334
6916
837
5485
99
1176
5351
1624
4173
845
3427
7159
2431
4614
1220
9279
4267
6559
2690
8952
228
6063
8296
8183
7818
3737
9761
9362
1808
289
9548
8814
9659
1860
9447
9011
1160
1517
8510
1415
7376
1233
6252
7794
1792
6975
9864
8158
9297
3843
5269
6151
3069
8923
2923
3126
4283
5386
5392
2363
3643
9275
4470
8485
5716
9541
5114
2269
1832
2334
1187
5334
9536
8469
170
2481
5664
6943
692
