3171
4526
4386
354
1210
1625
2568
2063
2651
5000
364
6702
4864
4126
7494
6510
889
7257
8517
7418
9562
7134
7893
7140
9530
9563
9041
4194
577
9208
473
6340
8906
4267
5784
1655
9207
9317
2245
4817
4064
839
484
5635
8427
4613
6969
541
5310
5171
2627
2090
3391
5244
38
7707
2926
438
7645
960
2882
4908
1417
7340
9326
1361
5780
4338
2890
209
8291
7205
6546
3853
6072
674
6026
8818
7443
2090
8456
163
1244
2612
8491
4588
3160
6147
2796
1015
683
3670
9443
6699
3570
1162
8260
1889
8182
3798
8339
7347
8022
7672
8860
5961
4284
2279
2162
5893
583
2460
8148
6449
4714
2026
2785
8494
9305
9395
9475
8834
7333
1642
5547
