8551
9437
8202
1256
7630
4977
8990
6997
5488
6338
8313
7872
2969
6905
5158
9422
2213
6397
4049
9332
2033
5925
8375
1167
893
6509
3130
6439
5467
6777
7598
4493
108
5220
5949
6475
3586
2937
7761
1920
1889
4738
200
1998
8104
2611
7202
1101
6727
4432
4162
6986
8935
5639
1875
7795
6633
4753
3328
5917
7364
655
6701
2956
8959
3796
9974
2226
9425
8419
5858
5818
3017
7358
3213
7158
7616
9047
8352
5755
5677
4400
7206
532
4926
5389
8542
5956
5962
9623
5094
6606
4042
6735
7883
6103
7299
2471
1161
8430
9828
6569
2395
9443
9024
4546
6608
4732
3469
7931
2341
7342
5430
1960
9581
340
6427
8224
4753
8464
6932
9993
1791
6096
2630
