7789
5886
502
7111
3480
7245
7045
6748
9308
9408
5680
5022
3365
5793
1800
4917
3794
4540
2355
1225
7954
9704
8487
7015
5623
7391
3135
4580
8435
7660
208
4913
3753
8401
7313
7254
1765
7042
4793
2361
8414
2328
3262
7535
8189
6458
3351
7893
4155
3758
2680
2026
3197
9764
3695
8808
4309
6298
4168
9532
3580
968
3804
9007
6898
6670
9987
6827
3446
4203
434
9303
1076
9927
8562
4212
9877
1119
7460
414
5766
9590
2054
5508
3655
4926
7268
5666
5695
1239
9212
8434
6367
7391
272
1443
8881
8002
8534
6669
4151
5278
9743
6646
6515
1894
117
8891
5804
8205
4373
9060
7175
6190
2558
7986
416
3645
3939
3807
1712
6694
5361
3134
2060
