819
2496
7031
2780
408
9388
1083
6348
2561
9613
4752
7830
2136
6764
1211
9259
5548
2487
8016
1581
6117
2265
169
9855
5871
2774
8617
1047
2801
4571
7133
2615
6302
696
9706
5282
3284
2028
5913
1245
6019
6546
6327
6567
7423
4716
3411
2509
8256
6937
526
8825
7304
2859
7580
5999
5670
2613
3866
7375
6643
6603
6670
4344
7455
5380
1138
6145
9252
4907
7532
5010
9624
6454
4859
8984
168
9478
9070
8356
2296
9908
6619
9579
9836
175
6259
2723
7039
8903
6226
7181
9086
9989
9938
8994
4429
107
1671
5842
9241
7347
6276
6174
2032
2205
7364
9629
7728
5171
9525
5853
7902
8644
679
28
5424
3477
789
9690
8602
7341
2601
2030
616
