2909
235
5248
1250
7789
9851
830
8969
3345
2078
3038
8985
4215
5393
2494
1912
6080
7036
9634
8780
208
356
7656
3864
7637
107
680
6842
6910
8302
3233
1524
7811
2769
5192
609
6668
743
1795
6944
9270
5297
7198
903
8873
1611
9442
3808
6462
1270
7544
8149
313
11
3981
86
7504
7499
9916
2198
2793
176
3741
7747
8654
1684
3040
933
1060
9111
2367
6752
3471
5114
4751
2125
3559
4950
7617
3828
2528
313
9734
4570
5884
6764
838
199
9811
3594
9164
1266
6845
4828
1645
538
8798
5220
1209
9202
9407
2084
4200
1479
4592
1972
6980
4277
3772
6218
9948
4369
7507
8576
2701
3407
5345
9420
3875
3775
1636
6398
643
3760
6
