9390
2748
8754
2801
6774
2491
7458
9421
660
9554
9064
8338
4811
3695
3207
363
4606
4642
3723
7136
4145
711
9726
2401
9927
2250
4691
3424
9175
2368
6110
6864
364
4465
8728
6917
7105
8129
7730
83
4126
2015
8333
5628
5342
5159
5504
5655
5090
3630
4283
8004
4242
6703
1767
2509
128
8224
4255
2792
7159
3730
4557
6615
9621
8474
269
5853
7698
5458
1084
9535
5680
7640
6330
3962
449
5801
2764
4587
6183
4032
5562
7052
9010
7354
8272
5229
5474
1036
5807
6706
90
5737
9865
2207
4312
8117
3332
1590
7155
4805
1566
8773
8152
5604
4477
4306
6917
157
2407
730
5106
5509
8972
3361
749
3465
5042
5503
4123
8751
4688
4346
7815
