6189
3350
8978
9367
6555
2885
2082
84
1187
4901
9636
7421
6821
2696
4068
2424
7579
5053
7088
953
4009
530
4674
8689
4794
5812
2296
6846
3993
1728
5542
9698
584
1057
219
4310
3459
2134
5072
4866
657
9041
8503
172
7183
4755
4346
9488
8956
5230
2325
7305
3767
7811
5248
5831
2810
5755
1157
665
9595
6099
9397
9415
3582
9819
2114
9980
5044
5871
3939
780
9222
9564
745
7877
8355
9822
7420
7535
9040
5506
6044
1549
6404
1865
9655
382
5744
197
7767
893
7381
996
2160
8128
2309
8421
573
7926
2591
509
6564
7568
6513
6057
6442
2902
7207
8371
8063
5444
7097
724
2753
8413
4348
3268
8149
7319
8195
8592
5199
6664
8600
