8183
7889
1393
9478
5610
3705
1259
6003
9866
9287
3400
3889
3139
9224
8015
6163
7912
5043
6500
9372
7336
7715
1618
5516
7874
4658
2872
3876
4335
2129
9113
3680
5842
1934
6510
7534
4567
8185
8245
1041
2026
3895
6662
6916
6518
9365
5317
2448
7763
7035
7310
9116
865
1224
69
9095
5195
3681
3381
2586
7915
795
1713
4043
2533
2611
7911
9519
6811
36
2571
1551
99
2051
3992
3679
275
993
664
9549
2333
6253
4915
6066
1179
3549
5682
7320
7754
7716
5065
9542
3978
3866
5145
6769
2108
7334
5309
7530
6999
3050
3679
7978
875
2343
8765
8856
9035
7816
6642
7022
5282
5784
8057
2619
8910
4800
9483
87
2797
9212
2238
5562
5686
