8931
3108
7586
5337
9264
2881
9839
745
8875
2011
3109
2907
5186
4242
1189
7201
5109
7693
8384
4250
201
5077
318
1203
2329
6195
5935
7906
2526
6148
3590
8084
1424
9153
1985
8712
7167
118
6829
2923
8643
3705
6645
9049
4766
8556
6988
6308
6280
5236
886
5463
4395
5752
6750
7018
7188
6366
5559
7368
1521
5085
7063
4376
9045
8603
5313
6787
3908
5101
552
2219
9390
2465
2571
2546
1319
141
3140
7831
2019
4396
2961
5480
9636
7463
4843
4504
622
3450
5310
3782
5619
850
2748
3112
3743
8473
8761
136
2530
7177
3666
9183
2311
8322
3332
2919
6063
3053
3867
6048
5260
7495
3440
6938
7689
1800
5814
6020
242
4772
8643
5604
824
