1646
1866
5641
9278
3744
5301
8123
1228
4648
2062
9076
9465
2466
2869
5528
932
1777
8115
7949
1828
9938
5987
4765
3267
3980
8991
8413
5617
3941
1041
5992
6428
4798
3686
1266
4009
2142
7162
7978
2232
2013
5362
311
2965
1211
6138
7305
8382
3150
3585
5800
6258
4314
3283
2379
2901
3755
3699
236
9862
2969
5416
234
9690
4940
8650
7369
8196
8447
1536
4475
2291
3036
9674
5874
1527
3263
4012
2900
4245
3064
9263
5866
8555
177
4603
4239
5081
5733
1050
7469
604
1658
8673
3528
1793
9397
3089
3660
6466
9216
9249
3865
6203
2908
8820
9030
6591
1298
6266
1358
5333
6634
2745
1947
5484
7457
3247
8843
3621
2056
8330
7705
8840
7331
