3021
9958
2491
6337
6055
5593
748
6839
5850
1731
8929
6877
7959
3016
6114
9782
481
9402
7038
8852
9489
3437
8345
6889
1153
8054
1467
7174
2108
8151
658
4921
7056
2388
9035
5782
2160
4325
555
5535
864
6186
6444
4278
3275
1400
5802
1300
7232
5042
2596
3712
6260
3133
3078
4694
7117
7893
4270
7512
1522
2968
4759
5348
5532
7508
8316
5831
6083
1845
3357
8529
9029
6167
4931
5680
9841
1242
3152
6825
9297
892
9173
3387
2645
9932
8088
5051
9105
1046
8437
3640
302
4773
3891
8396
3103
3055
793
5116
2060
3969
4285
6873
8301
6212
7193
9866
4186
8564
4914
1539
1372
546
6286
827
6020
222
1217
6743
8149
6085
5599
3429
203
