7491
4192
9048
3508
1823
9815
4515
6237
1081
9183
2078
3002
4691
6979
1299
7075
8081
96
6803
8951
6697
8572
2772
3505
6282
4823
8902
1226
9333
7479
4091
7378
9308
1119
2707
3930
3932
4148
2744
3930
3586
6941
7184
2534
5902
4519
2767
474
7185
7078
2124
3086
4558
3399
3370
7779
4290
4823
9596
8788
3164
3392
2719
4366
6602
1847
72
2603
7411
1457
7310
4338
2190
1454
2686
5381
8176
2947
9175
6052
8460
2615
1546
2707
741
7427
8486
4677
4043
5085
3818
9306
8185
6786
2174
9738
6914
999
4060
474
9599
5525
990
2548
3023
2533
5468
8646
4299
2604
7986
5144
3210
2574
4335
5621
9345
2269
2207
6811
9824
881
8057
8732
5180
