9710
5429
9855
5545
2133
9810
3100
4963
347
8693
2192
8650
2734
9499
5707
5641
2858
3828
6733
8813
6282
3509
3514
239
9950
5931
2392
3189
4542
5784
5442
9107
6619
3807
5297
7827
9969
9858
2466
484
7757
8225
1829
3420
8605
8522
1219
8995
9075
5161
8322
1385
4738
9381
2941
6519
8583
6410
9415
3015
6449
7588
4350
391
7186
6405
1434
9135
502
6813
2929
7111
154
6877
6811
9989
871
5911
7141
2874
7632
8387
7785
6106
4702
8166
805
3872
2510
2605
8928
191
5185
900
8209
5466
1402
7999
1374
4158
8768
5476
6864
8794
3175
8568
1792
1564
631
3577
7948
3260
1328
2899
3904
3119
1618
9974
5721
7368
1613
2521
5394
2093
8684
