2899
212
6024
3022
1063
600
3561
2790
7930
9090
5055
967
5364
4787
4645
1130
2249
6991
7223
1938
3277
4750
8394
3894
3405
5070
613
5494
4487
2130
2467
8027
3324
2651
4782
8920
292
2678
2020
3438
5391
6735
635
6392
9871
2966
7802
7934
730
5542
6595
7538
4752
4739
3209
4485
8542
2804
3142
5030
1004
6562
8860
549
1255
5627
7778
4688
7262
2753
2627
6497
5323
8702
8599
442
3687
8057
5060
1630
7480
309
3026
9567
120
8125
2067
9401
8770
3704
8727
2636
1071
1814
6915
295
6762
5201
8526
7855
7275
7882
8256
6800
5634
6352
4212
3107
3481
3038
3962
3095
8445
8034
5138
3097
9941
9226
2061
1631
6133
6700
6530
2764
6453
