3831
6995
8124
9944
7850
6446
8462
8038
2910
9840
2955
5129
5615
187
1259
7465
6594
5469
7802
9915
1803
1014
278
556
6130
7560
1977
6982
8656
5710
8931
7328
1012
1074
7088
9373
8535
6588
5037
1463
5225
7879
9829
294
8415
4099
9068
4211
121
6972
3189
3885
5617
2136
2645
5516
3528
5183
2370
8066
3050
6853
5758
1876
4007
6088
6537
1839
4159
5311
3799
4739
4111
6465
3027
3571
5579
801
3871
7791
7216
2610
7347
531
3722
6716
6039
2342
9661
5249
9294
9971
5007
4079
7021
3324
7891
6391
735
7188
5835
7288
7330
4369
7458
2074
5437
6996
8322
8917
6794
1637
3346
7077
4500
4229
1574
4915
9177
4125
1573
674
7960
6112
9225
