289
41
8593
6924
3708
7595
5124
5423
1536
4894
4140
5553
3068
3668
9891
2019
2387
2084
3368
4770
6600
8329
7621
5630
3959
7959
6843
5754
6563
4491
288
6430
4857
5909
4170
5666
9964
2812
8928
624
5023
9131
6274
7099
532
9327
5028
408
3963
6424
5709
1572
7039
6027
8260
4567
8046
6210
3199
550
1141
6867
4473
5462
8883
6473
9838
9814
2317
3614
1506
2956
6512
4800
8314
7615
7229
499
8160
9709
5562
4890
8550
6533
6181
6272
7917
476
726
7254
1478
233
5764
4197
7271
8006
3755
3724
341
7989
6322
9137
5620
6441
6025
3793
7352
2198
4029
469
3957
663
6735
8608
1134
1533
7491
9495
6147
5957
4746
9402
965
2805
3217
