5147
1436
8112
8147
4906
1846
7318
925
7836
6343
3335
2568
2499
8056
4769
8612
5458
5326
190
9113
2796
8109
4116
671
5477
3104
3127
9053
3206
3420
5322
590
4117
3537
8904
6528
3282
7786
9554
8513
7605
4610
2040
4579
935
560
6436
6798
3820
9775
1474
9059
5994
1530
9465
1489
9005
2329
1684
9956
5892
3092
8524
8677
928
8267
8408
1733
1643
5109
7325
740
6624
3375
8280
9457
1600
817
2525
5234
9231
4251
983
4131
3445
7169
7030
6623
6993
9615
8759
2631
1661
9566
7470
4203
6209
3342
4614
2795
3535
9012
6927
5885
5334
5752
3789
8200
4127
6114
4036
1259
5834
4867
5511
9996
4371
6759
7908
5008
8248
8143
6378
7749
7433
