374
1753
8471
469
9385
7687
6656
3151
8133
1815
4872
9684
3611
2200
2681
730
8266
6766
297
4429
3553
5062
2299
5709
2517
7379
1288
9399
6614
193
341
1956
2175
3725
2311
3488
7027
9036
9007
2934
4609
332
8525
5150
4824
9516
9898
8085
3185
9500
3201
8533
6246
7733
1286
8263
2504
6592
8318
3006
5033
5199
7043
3264
9602
5818
2586
1751
8682
1909
644
2576
124
3801
3483
8517
298
5713
8484
6899
8618
2892
6655
3087
2867
5362
8159
828
4412
8742
109
9540
7653
9507
8116
7141
4935
3922
9790
5742
5460
4813
6024
9674
5469
3194
7995
7667
3672
7119
7909
6191
9163
7649
5799
956
1973
6759
9432
686
5683
8347
9841
2169
4969
