2517
1975
3576
3840
5798
3591
6559
1754
9042
5379
6813
4133
5806
7649
958
1334
5159
4432
9732
8464
5686
8669
7514
2129
1081
836
5498
2095
654
5969
2495
8792
5510
4010
7716
6165
1219
3938
5269
9842
9912
3716
4081
4498
9456
7514
2930
1136
4417
3605
8625
4362
7655
4335
7889
4228
7583
2246
2404
7848
4881
2264
4468
3246
1449
7892
9803
9396
8456
4989
8820
4075
4411
7389
9777
4635
7664
6167
9793
8638
7071
7226
6396
7161
8282
4258
8382
7899
2063
8851
8609
5553
4874
673
7455
7860
718
6495
3156
4080
267
1250
8413
7527
4880
6429
9801
3619
1461
7309
5804
9626
4315
4743
7063
2363
5613
8378
6774
9597
4759
9184
9293
9520
1253
