1516
974
5175
2495
5773
2498
2615
3830
7579
8844
7632
5851
2360
3830
1915
2442
7715
1707
6952
8836
4335
2843
6182
9939
7353
4807
4178
577
6464
4168
2762
1219
7973
9896
9128
5157
786
5725
2642
2641
3602
9383
8120
9465
6405
155
2288
5533
5134
9012
5175
6214
4532
4060
6012
3641
4347
8255
2939
6428
7012
9316
7581
4444
6098
7573
1882
9114
8084
5909
6981
5648
3134
5147
4682
413
7921
1386
4983
9886
6925
8168
4613
2158
4006
6241
8919
1823
3448
8919
5465
2536
7049
1694
7982
2889
4906
3980
1596
2151
2195
3082
6689
6162
2624
938
7051
9639
4259
1174
5033
4025
3416
213
6095
4569
8228
6690
4746
3253
3964
2649
4363
4622
7780
