6307
8588
6857
5155
4099
8229
6922
7666
7392
8955
5489
151
5876
3604
3739
6726
9719
1768
4976
4726
1392
6937
1985
9257
4001
2221
6211
7145
1981
9436
8983
6545
845
8957
3339
9347
5203
6367
8936
5350
9216
1304
7115
9236
4178
614
8663
2075
8958
6270
6389
1761
914
9336
3581
9928
3240
8244
4393
4351
677
8264
2322
455
6868
9216
6393
8437
4444
8319
5161
8328
4836
5454
2324
7743
9896
421
6373
3948
8902
4876
9362
6958
4422
1951
3700
7038
4903
9264
3167
9401
9655
3036
8414
2791
1360
3791
3776
7656
3230
8830
2209
2224
8560
2324
4139
8506
5033
5136
571
5918
3569
8436
6120
5102
6254
6028
1416
381
3944
506
4072
1147
6770
