6757
9029
6734
344
3156
2295
133
5974
8249
6347
1383
3752
7640
7032
7943
5755
230
7910
9609
3774
4354
6037
8480
8336
8058
8454
2520
7618
3308
7220
5198
9782
260
5674
5135
485
4553
4340
1744
8371
8377
8365
8731
7869
3386
1602
2273
9511
1683
1871
152
4857
3927
5513
8874
5372
6865
4317
9604
1585
1219
4759
579
9382
6841
2268
6609
8027
1789
500
8450
2042
8088
5699
6050
75
7456
2083
1576
4629
430
9885
4833
7251
528
348
16
5355
5942
2940
9973
795
5689
2660
4506
1876
5888
2200
1442
4616
4404
4614
5101
25
492
9400
7505
85
1690
5292
7264
3002
8490
8658
4868
7526
9747
6215
2758
5331
4464
6936
8512
5363
900
