2682
6719
4262
1163
7948
6674
8018
2597
5
4659
2639
9929
6524
849
6253
4295
2865
558
7921
8238
5148
3188
1596
5748
9
3424
3901
9218
3314
3543
1098
9960
5971
3580
3503
434
8157
9257
5092
368
6821
8041
5283
7447
294
6457
5867
2648
4957
9493
1528
1812
970
9206
852
3724
6684
3087
7816
3462
944
4222
6470
5275
1844
4690
9498
9222
9905
7413
4646
877
6456
3541
6419
842
7291
7409
5907
3464
2966
8478
5257
9281
6597
6864
4383
9261
611
1883
7147
3814
8288
2559
4461
4760
8658
6419
9659
7716
3553
2042
2851
1571
2569
1104
7177
9657
7563
9982
2106
266
589
5456
1562
6305
253
7113
3022
2307
4628
5061
5991
8013
3989
