8827
6515
940
4016
4413
3211
8079
8360
8585
6678
2595
8229
3322
3109
3414
9309
4551
6744
9146
2236
9580
5499
6908
9569
3370
2114
1797
9109
2972
7109
3837
4520
9539
4253
8446
5996
4341
2993
6540
7971
9135
2488
7496
8
6443
2125
7566
1375
8515
3291
6867
8819
6297
3344
1652
4788
6269
2061
9939
4709
6272
604
7841
1913
9409
7052
4341
9648
505
6420
3911
387
9339
2317
8351
8039
9379
3686
799
5619
1894
1778
3082
7601
3862
554
2238
8634
6583
9690
2875
5769
1889
1216
3012
4080
5873
5730
4634
7322
2522
3204
7141
3250
7726
7832
4921
1004
4772
2623
6782
499
8575
1051
1496
3881
9233
2197
1941
6424
5325
2049
9509
4775
1474
