1448
6192
6931
9846
7444
1757
9228
5190
5654
6924
904
1788
1227
2231
2837
5752
5404
6509
2647
6805
1474
6276
6152
1919
2499
7337
6930
2887
2371
6460
7123
3343
3538
50
8365
5876
4634
8862
8179
7117
4034
1451
6862
1020
4649
9318
86
5668
7420
6096
7216
9622
8260
7235
1486
2210
2869
3226
668
7965
7126
9802
6834
1748
3392
6081
8367
6702
8224
1826
6728
4307
9671
9619
3652
5410
2834
3677
6725
4100
667
8953
1161
7758
1854
158
1413
3895
2328
8190
1604
8533
2712
4683
6780
485
44
2292
9244
8716
1155
1126
9271
6847
1319
9877
7169
5190
169
9257
4010
799
8114
9954
748
8146
4639
8937
5406
660
3712
7909
8952
6050
6372
