1362
8421
268
7611
3124
1379
7645
1027
1940
6736
1076
144
932
5393
845
5474
1313
4992
8816
4660
7438
6132
9987
1655
3203
5719
5722
6471
6639
5955
4176
3911
9637
3714
1978
1091
7190
4869
363
3799
7035
5223
7210
4754
4968
7789
3363
7171
9406
9507
6366
541
9078
3372
5604
6792
755
7618
5134
5243
5163
8185
1838
9817
6248
2189
3315
8404
6118
1964
6767
7016
2821
9205
9731
335
337
3866
1558
8004
5446
8089
3547
6295
8776
6786
5908
3746
8323
5870
3326
190
4455
7817
5
6368
6447
3093
9100
2690
2322
3147
3563
8227
9919
7544
3971
6433
755
2852
7296
8570
178
5535
3796
5885
7028
296
2522
3706
9827
3699
9334
275
1053
