7273
9558
6142
3331
8015
5696
35
344
6326
9481
1527
8928
516
9390
3974
258
7722
9034
7445
9482
5039
5891
6102
3280
837
7137
8178
3910
4200
56
7308
8138
8892
837
2176
8350
1873
5308
3383
8443
9988
446
7239
8835
815
4058
9348
9657
3851
1065
231
6961
5794
6818
9062
3068
990
4530
4747
4408
2799
2233
2617
4369
492
5180
1031
8223
793
4718
5775
2875
6676
9875
9265
985
5450
3738
4620
9860
1900
7525
739
7382
8891
2948
6109
6729
6195
3536
2860
3518
9872
4798
8365
1017
3469
3178
8477
6857
4188
4805
3215
5193
917
942
3854
39
9213
3201
7073
4445
2956
6030
3355
2360
3443
252
8024
8027
271
6411
6863
787
2218
