6110
1303
4294
3678
7523
2105
713
9480
261
4057
573
1666
7094
5644
4062
5866
4531
5211
7511
2017
5694
7232
5918
3781
1021
1397
4326
1427
4528
143
5278
5352
5522
34
9377
4359
6188
6549
2729
8035
8058
2128
9261
527
6915
4905
9458
9965
4249
2121
864
3171
1869
2769
2791
2902
1410
2705
9014
9256
9166
5210
461
1262
9755
926
1348
3786
1621
1436
750
867
629
5193
4053
2858
6281
9880
7757
7972
9480
4326
1094
9201
2244
4424
4441
9762
6199
292
4997
1738
5076
3996
2743
6046
5568
2785
7567
5998
924
5418
7049
5586
2782
1061
4896
3257
5340
4357
2616
9946
2460
6602
9133
552
5742
5310
5180
5958
6782
2092
7111
5933
3082
