6973
7361
7104
5390
7385
4684
887
2042
180
4041
961
5648
9661
5470
1433
8213
696
1579
6812
4044
9794
28
8208
4105
7028
9433
4954
3864
4321
1110
2930
7500
5949
4567
983
1548
3590
5202
9575
8184
709
5219
4394
523
6189
5043
5719
226
9486
4518
5204
1932
3090
1439
6768
865
1581
2416
5720
404
1822
112
7816
5245
2433
8764
9856
5060
634
708
9920
4034
8319
6548
2790
7315
975
7595
3409
5855
1733
8349
5315
6313
3852
6068
6788
8404
7716
4
8766
9244
873
7767
2472
6275
8709
7880
7571
5511
6050
7223
9418
774
3452
8226
7296
190
759
7214
1918
5376
2948
5981
9183
5202
8765
7063
6829
7835
7624
1344
7598
4523
705
