3426
8142
8147
7542
4314
658
5507
8660
8426
2158
4892
9833
3944
8737
3771
8066
5866
7560
252
4035
5952
6133
2429
1083
163
7456
6328
172
7416
6932
7022
4792
8674
8068
6298
6911
1299
2536
1680
5064
7318
4680
8351
7675
3462
1930
6380
7261
1708
2414
72
2706
84
8208
2250
6
9192
8642
8445
4330
9813
8485
4941
2004
1165
7395
3265
3602
9358
9111
6972
1092
9783
1705
7053
1485
5316
7090
2744
4537
1570
2324
1593
406
8577
4339
75
8934
133
3872
1305
9593
8144
2839
325
6397
7098
6816
2682
7211
4534
9004
5690
8806
8606
9855
4764
9898
2542
5023
4967
3420
2593
7377
5181
1406
4745
1960
2487
6349
8432
4849
7481
6694
9332
