8751
5489
7730
9568
6958
5080
1667
3605
434
1844
330
3404
2460
3197
5098
4183
3476
1789
1556
2150
6304
2761
7249
2373
5104
2348
7776
9963
350
2310
3886
5643
2428
6960
7448
8372
3025
8220
2115
9603
9079
1207
2646
6508
4253
4396
5491
4716
8661
5418
4236
6344
8268
3196
3198
2147
7141
1015
5705
1718
7838
1667
184
4883
7913
3399
4310
672
5907
9029
9925
1950
2735
7842
1358
9058
7389
727
6431
8828
7680
3905
140
5801
4643
8717
8534
3644
7048
4297
5444
9512
3594
6537
1184
8878
7415
6576
3827
4516
6217
3041
299
4228
4729
5823
3728
3935
5998
6670
1491
9605
7600
8285
1082
5099
9900
5488
4967
9606
8229
85
1451
6973
6625
