1970
1241
6828
6029
1252
5999
4458
9211
6011
7653
8290
9413
4984
4713
519
7316
4009
6737
4065
1519
8522
4954
2131
8960
7724
8519
5534
301
9717
6202
4554
9582
5270
7515
3035
4399
9107
7190
1605
1350
233
8371
9893
2490
4573
4258
1863
8664
3094
8990
420
7410
6627
6912
5070
8825
7672
7645
9066
153
6260
3575
1778
519
2083
4427
2719
8742
6363
7020
9469
1480
226
2177
3463
7157
1708
6778
6091
7814
898
7204
6716
2109
283
5802
5546
5373
2158
2523
539
6382
4758
5291
511
8133
2409
2047
7901
6138
6382
8880
9919
4329
9335
2274
970
3118
5024
787
1890
1354
6716
8490
6311
9944
8050
6046
9187
1911
3925
8384
2605
174
5758
