8158
3873
3005
6091
1476
9169
2177
5440
8428
5308
1440
1314
2500
597
9045
5079
2048
995
7837
4763
842
944
8732
7881
752
9510
1067
9288
7494
2558
9633
1498
3531
9183
1926
2190
4609
6584
246
8624
5233
8363
8415
3733
1839
9372
9902
5766
1923
8464
5818
2742
4599
3060
8321
8129
67
4165
2100
2877
4488
1903
263
5646
5107
7124
3048
8790
9319
3566
7985
2729
7674
7338
6643
8996
2719
54
9541
4404
8209
8900
3920
9868
7260
1224
8084
5219
6174
4217
4254
9547
6556
2481
6415
4327
5018
5449
9542
2483
1855
3108
168
394
9897
1752
7469
3973
4658
8664
5612
7858
9613
8315
9243
2024
9777
5987
4092
5420
2352
882
4892
3920
2409
