9197
4708
8513
3436
3604
9161
6733
9589
6449
1936
3833
3939
9047
4316
8397
8676
4007
109
6773
3940
4768
327
2814
4295
8265
8287
3591
4583
4678
7013
3280
1145
4421
1603
2825
9550
8839
8480
1166
4285
667
4725
2382
7617
6769
3812
5447
571
2632
8979
4243
8891
9926
8193
5433
9446
8296
7501
2807
4096
6156
15
496
6846
7801
4819
6366
4018
9109
1785
9251
5731
1268
6499
8690
4111
6354
8841
2773
8667
8800
1239
174
3789
6814
9375
5615
202
3259
6934
1795
3329
3630
9046
7446
1488
3706
1927
7417
6526
4462
2534
6274
1149
6442
4558
9469
2272
2529
9016
4862
5290
9841
6409
4399
7350
6019
600
8343
7014
8191
8271
521
7825
7915
