3743
2175
6493
409
9801
81
7438
2479
584
3321
4106
3180
5852
4515
6660
3852
7148
5703
3660
6376
3623
9477
4874
4023
6502
3847
3318
3687
864
9345
505
6138
8709
835
7537
1971
9620
6036
929
8284
7567
7076
2775
8597
3553
3134
1660
5476
7684
3842
5349
9914
6555
6730
6605
4625
7083
2230
4154
129
4293
548
9331
5083
8611
7219
6403
2073
373
1026
1200
4417
1333
3926
2374
4579
2175
2434
8902
4430
6604
8129
3333
2049
5404
9220
1131
617
68
6078
5300
7554
6251
4168
853
2974
8648
1724
6098
833
3720
3827
5261
3720
7490
5042
5354
8090
6457
955
4169
2786
8161
2616
3014
3837
6475
8401
8808
8256
6891
6974
1651
9009
9674
