5408
3644
9937
7863
2907
5936
4595
6722
3343
6176
8028
4752
6213
3711
3614
8163
5840
1366
6167
6129
8447
9188
6774
344
3106
8262
1631
7270
110
402
3335
3927
5084
5989
3566
5093
6578
2472
3005
2012
5697
7805
9021
397
5854
4588
1414
5924
8690
1084
9574
5303
5777
4311
2592
2786
3077
726
2510
3489
3813
8438
9337
3351
2013
1221
55
3577
3794
7674
2214
5584
2957
3926
1439
5986
3384
2986
8761
7483
4767
4330
530
3599
2565
7874
8953
6949
6891
7881
9174
352
5743
5939
109
2343
5068
6485
7038
9765
7077
3139
3957
7614
671
1366
9117
5907
9531
3578
2924
5528
5266
7413
7490
4669
2571
5306
5123
7022
4364
3208
394
3605
4187
