1875
8497
6767
590
6751
7169
1753
4395
7650
1691
1863
4283
8372
3450
5621
7641
5319
7903
9887
3844
6572
9910
1098
154
7238
4011
6943
4602
37
720
3605
3323
8565
5454
3355
3397
9007
5480
4749
6068
7517
7348
9395
1226
3054
2920
3193
858
3136
3659
4404
6853
6273
475
292
7499
3010
6709
6913
6527
9128
1441
4425
5083
4369
6212
8869
5643
9034
867
9659
1982
7880
1680
4188
8675
4237
7511
6882
7916
3304
8421
5771
1117
5680
7332
7562
733
1873
9275
2170
7571
3468
5394
1394
5419
2067
1917
8564
3874
681
2858
5992
920
4954
1941
6088
3079
1098
6125
5658
5260
7708
9842
861
8031
4531
9544
5411
3392
2928
4148
9953
4939
8705
