4854
499
7257
4851
2320
3272
7816
6723
9781
2622
1990
1772
6753
287
4231
7321
7027
794
6447
440
9986
767
9875
7874
5138
4072
6463
1373
8731
6913
9396
3652
9606
261
585
3807
4100
9919
5769
6114
9769
6833
5616
5545
7861
7163
8315
1640
5559
5121
3352
9565
4716
482
4340
8279
5275
5139
7990
5524
6489
859
6338
8558
8630
9431
5469
123
5801
4304
9428
5004
8882
5968
2519
4099
3218
5325
9536
2543
6684
4724
934
1211
1331
1649
3665
9808
98
6307
1547
6028
5729
6725
3031
3462
9365
8916
7227
3738
2565
4622
9815
3419
9239
5173
4518
3099
1454
5053
2380
2227
8847
1369
2828
9267
357
7476
4385
5167
1750
4543
4603
1669
9326
