6336
7238
1740
1727
868
5845
9250
4651
1085
3124
9159
4759
2390
2783
6525
1534
4338
8163
5353
7500
4450
3272
6799
5406
3003
4332
6668
8501
6066
4574
5992
1385
7373
2619
8713
3128
7825
9409
4169
8718
5287
4714
423
3577
769
7483
6846
4432
2780
7502
8562
726
3220
2979
5062
3253
6768
6403
7953
9824
8489
1435
9639
4667
9767
5569
2747
8245
1921
4008
565
587
1466
4962
2908
427
8854
3340
8278
1005
1545
5520
3917
8512
5882
5398
2874
4623
7815
6503
4518
4140
6216
996
9505
1759
4079
1403
587
9198
5857
831
8804
4294
7487
6176
8816
8734
9820
6682
4044
7586
9779
777
4245
9748
6612
6452
4745
9134
7367
3290
1711
5888
1943
