3466
5239
9249
647
1072
1131
4981
6629
8916
8183
3077
698
167
2696
1009
4000
2961
5054
9333
3942
6438
1286
3186
6677
1191
1478
5595
9744
2704
158
7124
4230
9436
3014
159
1
6046
1076
8370
4209
7891
1783
1361
8391
7124
6345
1422
866
7316
410
7270
2351
859
8746
915
2355
825
1486
2325
7492
3895
397
4807
3302
2575
6033
8451
9322
5860
1204
868
8889
7794
7278
3511
2838
5556
5550
1017
62
1060
611
561
710
9502
8592
4150
101
7631
9856
3031
7769
4110
5707
5594
5470
8577
8242
6488
2693
9922
3350
4070
4916
3846
3812
114
779
6471
3024
4662
1132
7415
3421
603
4793
1499
5089
2104
4543
1528
8774
8137
9133
7576
