3470
9943
6322
2709
5700
8311
776
4025
6620
8142
9577
5283
8708
6954
3423
3397
7185
2456
8466
4561
6733
6834
7277
4431
5839
3880
8958
3830
5574
4825
6690
5907
2052
4183
4611
5332
2064
2288
8538
7753
4344
6771
1892
4609
474
8924
8085
5117
3024
3383
9621
5898
4342
214
9303
1371
9959
1947
7130
9465
8600
5753
5505
9426
4560
9492
3905
6746
281
4856
7679
895
229
5702
8633
3643
6680
4755
1417
5012
142
8661
8567
8790
9
8204
6557
5329
475
3745
6850
4472
9428
9615
4952
6289
5087
1299
3658
8682
7182
7620
3547
2127
9296
3202
9555
4320
1020
9405
1466
2138
7130
3262
5112
4372
9850
5265
6543
9557
3510
2255
9168
1248
915
