9905
2417
7047
6104
1604
4050
7543
3209
7065
9068
9786
8625
614
5862
5711
8564
2286
794
6202
2333
9483
1738
2917
4316
4267
8416
6035
6721
363
3571
3181
1518
9655
8771
2104
5450
9852
5644
4935
2677
7802
5551
4372
8133
984
1239
8079
8734
5263
6488
7610
670
7430
77
2139
3726
7219
8506
7834
3642
7446
7284
7024
185
808
2495
903
8603
2891
3079
4687
8533
775
6670
263
5332
9930
5200
3997
2955
9170
7737
8567
8790
690
84
8228
5179
6417
4363
4452
2738
2318
3520
3650
7905
5906
5367
6768
2422
8875
8121
669
903
1565
6777
3521
6138
3879
6705
1894
4890
220
1072
8512
6713
2372
3893
1906
500
6926
5091
3137
6632
7245
