939
2229
8475
2448
5845
5887
38
5244
9913
1140
804
8440
4776
1609
5920
9381
8136
2210
7498
2375
8979
2741
6418
8404
9314
8373
315
811
1572
2757
7974
8742
9182
5082
1892
3176
5472
5170
8226
5883
7689
8770
2051
2812
4397
1139
7311
3427
2163
2046
6769
4233
5774
588
3482
708
9662
5381
1739
9315
2107
701
3998
1232
4084
4474
5686
7070
1482
6314
8645
9412
7918
862
597
8386
6679
7104
1157
7340
4256
4698
6396
8964
7257
271
4984
4296
52
2568
4014
460
750
4647
6018
926
3968
1911
5941
3325
4984
9269
8997
34
2852
6753
8391
6507
3450
2003
3317
2054
6812
3777
2358
1142
3076
8030
5980
5054
2515
3325
1917
5195
2076
