7616
7401
7078
6268
8919
7514
1200
2844
5301
1538
7999
4533
3335
3893
7639
6877
4797
3035
4099
2097
6335
3054
9691
714
7980
5768
2168
465
6456
353
6124
7868
6225
3375
5193
7311
2765
8744
2467
1688
8166
1397
9795
7159
8404
7137
7207
5405
2283
4902
5782
5303
3848
790
6228
7392
8587
5457
8452
830
6280
8262
6550
309
4373
8745
2305
9459
6842
9601
1800
5401
4944
6066
8911
5378
6157
7088
3769
3811
962
3200
7584
3313
1084
8622
9362
5953
9892
4523
6627
8496
4993
4060
4643
6847
4756
5753
135
7838
9749
3542
4900
3662
2541
9413
206
1226
315
1299
2434
3275
8522
4259
9048
3024
4773
2368
1884
1041
2370
3307
5952
1397
2972
