6636
757
4654
6573
6920
2858
3625
7207
7281
8638
9719
4252
8935
6801
5834
8273
7093
4489
9183
8249
7931
1846
1062
5954
9704
4988
1883
4811
2533
4928
2368
8428
6488
3118
9652
7893
5438
3101
1094
383
3647
6690
1038
9
5923
1866
4909
5851
7816
1208
9755
7772
6116
9924
2279
8681
9263
2192
1188
4888
4102
611
879
4951
2463
6378
3262
3019
3437
5659
9152
715
6132
7933
2294
4753
2054
2490
1917
4391
7224
5949
4853
9521
9756
9463
4267
5538
7853
9073
7176
8876
892
1470
1639
155
4295
6922
7110
6138
6206
8349
5128
543
4780
540
2498
3140
1999
3457
9057
5341
3018
5852
837
5958
5788
1590
1388
5839
8547
6810
5596
8706
3294
