1499
7253
1311
8894
781
2648
8149
4483
1016
9408
9963
8169
2972
3383
1887
4425
136
177
3506
616
1791
9262
3201
1220
940
4158
2331
2892
8856
8200
9400
5452
1685
5070
7659
3207
6347
4120
2305
7028
569
145
9965
5042
4553
1756
3806
6507
9442
1237
773
2023
6903
1679
6898
8253
9034
3740
9731
9134
1050
4916
8011
947
1308
2066
3148
9007
9264
3649
4597
9930
7872
3410
1658
2565
6349
615
8782
5321
137
8514
9103
2099
8063
4819
686
2084
1138
4033
5389
3696
3172
9199
3280
5133
6034
5891
5211
6668
2236
5270
2279
7918
7158
2507
354
7174
3047
7120
9738
7443
656
9400
5385
6942
7336
4260
6930
9257
8597
4535
7698
7957
5118
