8007
2952
3368
5972
6005
9773
7797
1785
3925
1873
4596
767
4429
410
6060
4701
8248
9220
3245
5512
7413
1738
5193
7434
7746
35
3219
1563
3587
4160
7424
5463
715
2206
2448
6554
8869
8257
554
6100
2146
6615
2251
3556
773
8721
5736
4400
3984
5209
8771
5198
4244
4347
7434
8475
3924
2684
1969
4975
1694
4519
6655
7701
4301
8205
6249
5053
8988
2589
6967
3290
364
441
8548
2329
3390
246
1444
4548
6005
1786
9063
8672
1915
1173
7447
1162
5551
8674
5398
5676
1846
7911
8070
370
5466
9981
9243
499
1085
8659
6395
3772
6258
2017
4128
6763
6562
3106
4948
2587
8196
6858
6440
419
9547
1421
7613
6114
3458
2583
4704
9573
3835
