7242
2735
2949
1676
746
170
1793
9759
1264
7357
8968
9969
696
5398
2019
1094
7638
825
482
4443
5085
4822
2197
837
5419
4803
2381
4348
6264
9951
5317
288
7731
1196
1995
3430
3191
589
4316
9658
3144
7594
3396
1551
54
8663
9249
8357
7348
1778
5305
7119
2285
6925
2218
13
6697
2862
1420
173
6329
2430
9416
6818
5441
4349
5434
1851
4016
9812
9322
4501
9461
3749
8174
7057
1957
3394
5896
8076
5767
4119
2415
5992
8414
780
2075
7075
8983
6769
5149
9844
3140
4118
7353
1021
3595
4983
6394
4493
3266
6799
2242
1073
3347
2751
2173
6411
4555
8718
8574
1598
2222
718
7692
9367
9582
1537
1355
7152
5716
3859
8038
6681
9517
