7945
2128
9922
4918
1769
2878
2878
2750
5800
9443
81
7469
7348
479
619
3200
7325
5346
1973
9388
69
9252
4204
8523
3982
714
5791
5995
9046
7283
5751
355
1673
4260
1292
1988
1858
2907
1665
9053
7432
1208
1712
3262
8479
1889
271
2302
9999
683
4779
1990
4667
6063
1185
9442
5055
9609
377
101
988
3554
7379
5933
9512
2239
3652
2191
4506
1321
1659
3314
1044
2991
6685
4659
1663
9084
8218
9792
652
2594
6625
2979
8353
6367
8839
1555
3397
3847
500
573
7509
4427
7288
9213
5518
6469
6170
6980
3054
1083
6688
4731
5663
7534
9526
1374
93
5674
1957
929
4989
3303
7693
8224
1885
9583
5583
3390
1962
7072
3158
5798
2859
