4735
4827
7043
2079
4931
7290
9252
9805
6730
6393
6185
6168
1518
956
4948
6712
3142
4989
4781
381
3230
2670
437
2996
7560
8572
7002
7083
7200
3681
5023
2412
1938
392
6016
2951
7463
9074
7763
3278
4583
5003
8252
595
4248
8004
3811
2395
2265
3671
4554
5569
8857
2999
9087
9107
6047
7329
9293
2364
7219
9518
7643
214
876
989
9115
757
9504
6190
8812
4233
827
6984
94
1615
8262
6529
6743
6811
178
9758
5260
9419
1171
3703
456
9282
9099
9105
3204
9015
6594
5673
2399
5089
9548
5382
9720
264
664
5271
6845
2856
5658
738
514
1059
4877
5283
5245
352
806
9736
8068
7847
5434
6314
3889
3780
8677
1826
3400
7209
2826
