6293
9920
1334
1794
7774
6958
9243
3734
1589
469
7101
9132
8407
2031
1394
5473
4205
5330
1070
4976
402
8380
3500
9227
5124
387
4498
1055
3888
7402
6783
2409
2544
1262
1713
5609
9380
488
529
7454
7400
6208
4237
2456
1526
1089
8257
9601
6823
1203
7671
4491
7869
280
1976
4756
1643
8950
3794
7200
7903
7933
1948
1738
979
2982
894
4661
8445
5051
6372
2892
9826
9319
1621
8192
2807
3382
8877
3739
8172
9511
3690
4461
5726
5005
7601
4884
4180
279
318
2399
4930
60
8205
9735
7596
1389
2573
71
7053
5687
9503
459
1855
2187
4801
7974
604
2321
5628
33
6228
7842
2345
638
593
2648
1153
3090
7104
1005
3853
4135
4938
