5193
6379
3983
1879
9966
7633
9910
850
7653
7764
883
1602
1752
8397
4005
4592
9421
1660
1590
6183
7618
6673
7447
6052
1674
2822
2892
5648
1501
7628
4950
407
6734
6230
3855
7772
9092
232
7453
8497
8674
3737
8521
2356
6187
5013
6877
3633
5004
6732
9857
4759
6450
1335
1786
2892
8187
694
1645
4719
1749
3263
65
3642
8308
451
4163
3833
6772
7726
8915
1572
1713
44
7208
8593
9522
16
63
1081
6395
9628
2091
7595
8321
6385
4415
6507
3748
2884
4605
3197
2749
8419
4994
1104
9259
3353
7441
6576
5655
5643
4148
4854
47
8418
7639
6646
4234
9382
914
2626
4715
9262
5085
5667
9579
4726
4994
9721
6455
5876
9925
4757
3012
