1402
3784
716
1553
7033
4650
5109
8035
3459
2001
836
1196
7096
2013
2575
4949
5710
4252
689
9819
6214
3542
7607
9461
6194
6338
1456
5042
751
9449
3950
3548
7803
1909
7704
6992
8864
5164
8223
2216
8434
811
5043
5916
884
7302
3320
522
9003
5381
2473
2186
3064
7539
2938
5248
7911
9303
446
4216
832
6049
8975
1239
7380
8366
838
2496
2927
6103
8532
9321
9087
9731
9182
656
9732
7513
5004
8855
9757
9767
8505
7724
629
4253
5496
3059
4817
6446
8516
5475
9620
6593
7619
5173
438
5687
7480
2787
8185
7495
4583
2051
8801
6037
6068
8709
1590
3039
9297
9808
2314
2449
1704
2485
9013
4887
1211
8400
6809
5823
3589
5201
8388
