1046
3707
9022
1673
1616
3522
2516
6166
9191
4360
4768
8479
2391
1040
4135
5150
3636
2441
6872
3360
5896
5172
1095
3127
8958
3444
6731
4957
6445
455
6381
1940
7082
6769
5529
2618
4406
9920
781
5702
8321
466
2665
2090
9823
4167
6211
4418
5668
2258
8055
6490
3754
4308
3091
9500
4881
8908
9414
4410
6762
9970
7508
110
6327
3892
3085
1721
7364
2988
2521
3653
8519
2431
3553
2032
6712
9592
4886
2129
7551
2316
4972
4789
7745
9665
4535
8768
1084
8839
3815
5203
6379
9040
6655
2746
4041
5548
487
1019
8854
2698
99
9117
6275
3877
8008
8548
7565
6560
7185
9096
4541
800
6795
2514
7009
8248
5099
4127
2076
4553
916
9981
9154
