2300
4849
2709
6811
467
6189
9711
2416
4191
278
6821
1189
2240
5497
6772
1325
9044
8539
3391
3620
2886
3863
6374
4839
3438
5755
1319
2692
6476
6061
6100
2940
7083
8198
191
8079
7878
6143
3058
9485
7137
8027
9748
2205
8646
6474
9437
1753
4054
6714
1443
7644
2089
7487
2716
1184
4183
1749
5555
7363
7689
7667
1403
2833
2757
3444
6892
3950
2976
6859
924
6075
6644
213
3640
9522
7224
5387
1064
5114
3917
5150
1554
9946
2449
3431
9991
642
6910
527
402
8922
4336
9688
455
2537
6102
8108
5174
5058
2403
488
1953
8396
8417
7829
5914
9108
3508
2704
8186
6348
1642
580
5862
5268
2832
5706
7198
1943
1073
6508
2583
3150
6716
