7163
4755
4225
7809
5898
452
2224
3093
7892
3620
9538
8005
4808
3795
1487
6290
7832
7454
1027
9572
5525
4540
9529
670
930
8221
8009
9215
7847
1843
6050
6249
2244
2987
626
6741
2101
6632
6160
804
8725
6179
1415
7361
5632
6444
1950
2070
865
1530
7273
8415
7620
784
1691
8870
2932
6786
7207
6060
9387
8913
7074
5552
7958
9667
6338
9396
160
1799
1853
8351
3954
5258
6119
6391
3250
3433
1385
4704
7573
9936
1335
9456
3835
9796
424
876
3510
986
4451
9479
4398
7610
8501
8987
5251
9789
1430
2133
9807
9407
2140
3567
6611
1189
2585
1450
9041
3615
7999
6503
3784
8732
2480
3015
657
9448
261
2819
1195
8316
8540
1085
4680
