6530
5594
3015
7661
6330
6306
3332
4537
1528
7522
2068
5078
2299
4457
7021
6767
7781
7422
7605
692
3366
2588
9575
8967
2733
8693
3068
9861
9179
8921
4063
854
619
3176
6623
2153
3320
8096
7892
1483
6650
6558
1113
7622
7801
7839
4299
8710
903
8296
5554
116
604
14
965
9182
2862
521
4345
3331
4893
9778
8196
1959
4180
7606
7170
7917
8142
235
495
2845
5131
3424
5969
2369
1117
2548
7026
9549
485
4029
8105
1497
8850
5402
6241
3171
3962
8540
987
4130
6556
5863
7538
1472
5081
3998
7538
3426
7622
2984
4226
5116
2794
9445
190
7899
2295
2713
7142
1643
6358
4820
9131
9939
1098
1075
2879
8966
5083
6715
9584
8878
9361
