2724
832
2089
3316
2326
3977
1225
6146
7535
8716
3691
1048
8678
7376
2828
3342
1376
6228
3697
2996
6026
8651
2010
7691
2755
6739
2210
5836
6306
580
1371
7617
253
4879
9563
6644
3428
683
4675
5881
878
1626
7690
3669
6456
5084
84
7098
7611
2481
7402
9849
2142
5255
2555
852
6212
5186
3284
7038
338
2514
8845
3329
9153
5363
313
4979
6344
8920
4324
2485
1639
5580
2663
6025
4630
7356
9863
3426
9595
4932
6975
4557
5111
648
78
7404
8776
3458
9529
5214
4713
6348
9216
68
6492
8932
8233
7457
4062
9207
2871
2845
4665
5118
307
4126
1563
3409
4943
6482
2673
5534
1085
5255
3930
8074
1419
527
5767
448
6312
4001
4506
