8999
6725
6108
6382
4175
888
2231
8734
1712
9447
3738
3303
5334
4244
9914
4936
9714
4340
861
6746
1463
7544
4148
6532
176
3108
8700
903
6645
5583
4305
1016
5157
8780
6170
2185
3209
1044
3967
1240
6815
8745
8417
8515
8921
685
4147
2363
554
1935
9820
3329
384
7426
8727
4125
7232
4211
3417
4008
2064
5926
4007
5251
5651
442
3630
7706
2830
3767
9099
1762
7950
1835
5173
4093
9651
6423
8122
5452
4159
346
5476
7111
9239
8497
7797
6034
9383
80
1143
5048
5326
7964
3597
9305
4928
5798
8699
9709
3139
7489
9837
9227
5444
5801
2040
3499
2148
3529
6856
6368
3755
4348
2064
4008
839
914
3925
3756
913
807
3922
433
816
