4626
8189
2823
4605
7666
5157
620
7170
6282
542
1277
6210
370
7023
5495
7790
8688
8008
7878
514
7711
2006
85
2732
44
1542
8419
8354
3299
2260
1615
1673
5286
2930
118
1465
561
9896
1841
7234
4895
3708
4319
5986
7269
4154
71
6680
4435
8492
2239
8076
6448
3172
5598
1393
6157
7137
53
8688
2665
9323
8785
4595
7779
8450
4170
8586
5222
3402
5285
9807
1895
2530
4655
9689
4784
9336
9606
4116
2071
784
3905
3406
3592
1580
7128
7935
2672
5508
5601
8792
8332
8033
6062
9217
7534
40
437
6283
2127
1808
2142
7133
6359
4290
3640
4924
1489
6974
4956
788
1517
5933
8804
9921
2252
8832
9350
2087
869
1224
2939
4151
7767
