5152
7733
6644
2872
2050
5460
1665
8363
7202
9464
8630
6288
7062
3151
3879
2844
1356
8643
2224
869
5118
2829
812
3995
4225
932
8727
1665
6218
4189
5747
4928
3122
6593
4044
671
9141
7479
8285
6307
1681
6183
7190
8475
7996
3994
4177
3991
9823
1159
6806
1472
9586
5991
7441
1481
8746
8424
8107
9177
3082
4236
3645
7363
1698
4763
2384
2456
2572
4252
2700
7738
4536
6871
5317
8578
2806
1655
8870
907
257
3224
7766
5920
6102
606
2476
4495
5252
8392
7728
9479
2770
8398
9096
3105
6472
9696
5513
4626
3771
6788
5987
1707
9926
8396
9243
5252
2275
3843
280
2370
5161
8133
4840
9556
481
3508
4766
6254
2024
9343
3230
810
1005
