5654
9447
8762
8912
3318
264
7774
8176
6662
9298
324
8337
1279
9952
8287
3000
8158
5696
5648
2106
8244
6509
4295
4096
1299
4009
8502
1829
5308
3494
8896
531
3937
9911
8923
1140
9308
7454
9206
3022
1568
594
6341
1991
9357
4367
3774
460
2252
9797
7286
8943
8916
4024
163
2891
7284
9433
1794
3157
7242
2018
1921
1393
7369
2214
496
4368
1196
3848
7036
7292
1829
8697
5004
7893
5798
3756
8238
9343
4373
9680
3042
149
7807
6155
8845
5693
2278
9983
2385
4558
1583
8575
539
4971
8574
4737
3278
7342
5165
6434
8593
9516
7451
5301
5534
8553
3598
7910
8953
7070
9694
3563
8838
9571
6764
9899
507
9969
9668
5902
3743
2367
3603
