9112
2170
2058
3534
2029
3563
1847
7783
9173
313
8598
6577
2002
4002
393
7074
6352
9347
8237
6263
1491
8090
3626
7580
673
6144
1384
3806
5722
5757
3755
4435
9395
8363
3013
8641
5900
3128
1281
6040
8208
9036
6090
7458
1839
1425
4579
995
2205
7698
6506
9465
8432
1495
7601
2577
2602
4339
9309
1561
7763
1894
4743
6510
9455
1905
2281
6765
7178
4589
100
1874
7291
1319
9763
1499
904
9587
1614
924
7369
7167
2323
3041
3247
7386
1910
1571
2983
8891
6027
7839
57
5569
2153
7706
9223
7825
2914
6206
5248
3737
5951
7598
3098
7370
6092
7268
7923
3985
3559
9772
4734
9694
3739
8714
4263
1929
3449
1023
9243
3051
3006
1346
8001
