7861
155
710
6778
3196
457
1094
1915
5816
7601
6114
9551
5338
1035
6229
3464
4944
9365
7299
1181
7309
4298
145
1486
1104
6492
2578
5808
7308
8603
1192
9282
5841
9149
4639
6177
5436
2662
2918
916
146
3049
1140
5811
4
826
9256
5936
3776
886
4750
5934
7877
7594
4633
2015
9348
2322
4476
6647
8637
269
931
3059
9315
1634
1747
1119
9886
7978
5714
61
5148
810
1019
8211
9947
2006
2681
505
2410
9669
7157
8064
6582
7093
8617
5416
1467
4755
8498
4711
387
2876
8315
9625
5355
1935
6585
224
4016
4901
6672
87
4945
7336
2431
7457
7800
45
5377
579
1136
3812
7758
1523
7537
6717
2297
8280
5366
1140
1636
126
8450
