5065
7177
8369
503
799
977
5633
7000
9167
159
4069
9961
847
8488
8059
8059
3594
2887
9690
4631
9907
2993
5635
214
3465
1434
7216
3783
8253
1102
7208
7298
4334
3532
8631
1201
9074
8253
2812
3780
7695
4741
55
9756
8422
3607
4837
9206
9960
5793
7175
6344
9047
4990
6533
1166
6753
8703
3752
6027
598
1187
7260
3270
6320
94
3836
7281
5598
115
509
7689
9483
1688
5057
5305
888
978
4324
2242
1497
9582
492
6907
7473
1784
164
9185
3553
7119
2923
1168
54
4291
848
7930
1493
4550
8762
7852
5726
3530
8570
9910
5862
7093
9380
5389
3249
517
7798
7522
8565
9601
8433
9989
7889
84
5246
4940
2703
3911
369
3234
6007
