4284
5602
6288
2047
7863
2311
2255
9704
1062
1557
5780
3118
1554
3837
6748
5998
7246
1125
173
8172
9843
3211
2541
5113
9511
8771
4699
4406
8287
2253
3893
523
1826
1962
1846
8181
5209
7834
4261
3706
8129
532
8558
8539
8645
7113
32
3104
6043
8624
7830
4322
3066
3822
91
9012
518
7306
2491
1380
5047
5943
8594
3701
2798
272
973
6881
2073
6520
2557
4562
6227
8457
4370
4616
4753
6788
5529
4796
3617
478
4979
7183
349
4716
5372
2173
446
3624
2017
758
4867
2341
5875
1896
5012
9120
3646
4814
2827
1119
5161
8969
2963
8811
5237
6342
9039
4520
2861
4855
9547
2527
7755
6700
7077
6
3997
7751
3077
8665
2014
4771
8965
