9158
6195
5135
1662
6952
9874
3169
1588
2327
2057
4776
2980
2145
8733
1229
9386
1687
8887
7941
1687
6729
5950
235
9234
9148
7201
4894
4273
6691
5628
7274
8478
1317
8888
2990
4077
5599
2332
8884
5461
6931
156
9988
68
1084
7051
1959
5436
5265
7424
7109
1888
207
2782
9575
2865
109
6420
921
5829
3759
6035
4757
4366
2942
683
8317
7641
1826
3677
5509
5552
2362
4235
6750
616
5643
3190
7948
1289
6112
3568
1334
8661
4209
8379
8021
6459
6076
6691
610
7325
8602
861
3214
7954
3632
2569
9997
3648
4201
700
9429
5613
2161
7515
764
6497
5355
1735
6250
1098
5854
7831
8082
1660
1705
1807
2165
4362
9205
4430
7247
4272
38
