6164
8329
3828
1548
5358
1473
9112
6906
6570
3381
1245
412
9513
3878
6141
2639
609
168
5872
6460
2038
7936
222
1270
9869
5848
9009
9256
2364
9919
5782
6388
8104
6647
6896
2623
3540
3432
9663
5495
4250
4088
5719
5778
1658
9696
788
1854
9650
3863
1382
7679
1623
7313
4556
6816
4883
4855
9186
6606
7843
3871
257
6933
3220
4629
3970
2603
97
3838
1801
2251
7152
471
4864
7003
3439
1616
722
5090
1597
9168
253
4362
5542
3650
4443
8089
2570
7741
4664
4724
4606
8114
8977
3802
8236
9152
5911
4946
7385
6867
5503
9531
2911
1540
8014
8694
1278
3609
7337
2369
9109
1745
6361
8993
7982
68
6168
7670
1554
6250
4310
4194
8438
