8440
9963
4957
939
9982
7923
3480
2242
3755
8877
8127
527
9109
1059
5756
8719
8473
7156
9400
3405
7808
7902
7027
3922
9497
1090
9609
4126
7313
3933
4664
9706
5749
293
4766
3682
1625
7066
9778
2620
1130
3438
8864
8858
1772
6439
8704
372
5463
3563
2565
2159
4187
2154
4920
3126
5528
4122
9614
3143
7445
8529
2324
4527
2850
2549
324
7502
4232
5770
623
6451
7254
5264
8913
933
7172
6115
8424
2526
313
5921
6406
1380
8685
9515
2294
9276
5911
9237
190
2241
68
1531
463
6441
4703
7375
3
494
5687
5235
6144
1558
8048
8299
6879
7783
4902
107
3828
6013
5539
1541
8005
4790
8775
3498
4190
8889
7421
4003
569
6640
4201
