9318
9403
3971
2343
1273
9516
2869
9128
3101
9254
2165
8087
7268
878
9460
6091
523
3129
2565
2520
4562
7746
920
6320
643
5958
2333
8565
7084
7942
9039
7920
2807
3282
4023
365
7314
5072
7765
7249
7646
2749
8089
8267
7592
1596
7040
6587
3978
1342
2150
2742
8769
3951
7609
4037
6089
4484
2611
5377
1383
7117
1647
5190
6846
1825
4354
6614
8392
6594
7917
3210
6406
373
1277
7757
769
5809
2176
584
9068
4906
2203
2436
2653
2230
3864
198
2838
6137
9575
4123
4977
8634
8585
1739
921
2012
2601
2344
9603
2709
9625
7057
2953
3761
3910
7841
8558
4096
2718
3242
1862
7681
5180
3796
5403
7662
9249
362
517
8203
5710
1515
9686
