1695
7411
5666
1118
8887
1131
9842
1014
3415
7357
7224
3419
685
6677
3568
1972
3305
8122
6229
3124
3426
1098
6417
6852
4955
998
2497
9815
425
8090
7242
828
1207
7854
935
7312
2809
7458
4079
2779
5925
367
4109
7372
3363
5381
5545
1127
5677
8779
1693
6235
3741
5887
2774
4764
7855
3398
4530
4003
4033
6366
7753
3374
7082
938
5682
8825
8797
7192
4205
2499
5320
5450
8400
2706
6815
519
2680
4878
2639
33
34
1546
1680
3901
571
7040
6680
8888
9337
1544
2248
8490
1598
5769
5876
3076
2936
1659
2765
5968
6720
2086
5441
1502
5898
9999
3997
2413
1204
8415
8980
4357
8009
3336
5691
6118
5077
3474
5360
6765
7227
9507
6720
