492
9756
2606
9337
4893
1678
5683
7539
5315
9490
9401
4126
5424
9869
5116
2962
4982
6618
5519
2485
3784
1232
2953
1886
3786
1536
2916
8520
4975
2695
5542
5199
3149
8156
3320
3714
5974
6893
9682
5213
7539
5602
3052
829
4196
8586
553
7237
3570
8169
4173
1622
4977
540
7257
9552
8544
5550
3019
5460
652
8668
3443
8942
512
3948
2870
2385
7489
5023
5066
6549
3291
1855
8526
7963
8167
2649
837
4303
5765
1755
9209
6383
417
5367
2252
3480
1210
4631
8132
6908
5728
8069
2941
7762
1194
6391
7037
6166
6975
1166
181
809
7023
7270
333
6791
8877
5546
8918
4541
7949
6543
4302
5990
6792
6026
878
4290
8061
2457
8158
1647
9724
