4937
6117
5841
3694
5535
40
4263
6151
9360
3108
9078
6487
3895
4919
6525
1789
1623
8265
9843
912
1297
4471
621
7635
3169
9404
6319
9658
8509
2522
2030
3568
3448
2128
7613
7087
8857
9580
2917
4622
8754
9869
447
5866
6684
3766
8462
817
7556
6684
6912
6481
3550
216
5537
2541
3964
1415
2095
8097
1031
8588
5778
1424
3900
6035
5754
7278
3355
5973
3854
3065
5379
8237
7238
9413
6622
9550
7203
3309
2493
9064
8772
1634
6384
7387
2098
4887
5568
5318
1185
8709
5856
4120
2620
3942
5578
2283
5764
468
309
2669
5301
4688
287
3092
7798
9182
5998
6978
967
5386
9709
2057
6882
5060
303
144
46
7308
2886
7571
935
6101
3403
