5789
3536
8025
7737
6351
788
1328
8711
5466
63
5799
9437
3761
8348
1976
4913
5488
1069
770
6415
3891
3734
6728
4695
6708
6437
336
7170
7056
9522
7664
8882
4632
128
8696
5409
1356
8865
2853
1684
2350
7565
6349
5776
2190
258
4243
7704
15
4313
512
2278
9712
7370
4757
6963
7035
5727
9668
4476
6226
479
998
8315
4667
9380
8068
6678
4835
4523
3162
445
6444
7639
6227
5669
9503
6204
8533
2833
3275
7843
1256
3560
7409
6859
3101
8598
4228
2523
1845
3985
2030
1589
5913
3115
4240
1453
1551
7177
5795
7763
2769
32
8800
5813
5549
3040
4772
3388
297
9905
2712
1882
8570
9594
2562
9584
969
6356
6372
7993
431
9545
509
