4410
6470
442
4819
5726
1556
232
9047
8879
6459
428
6855
3349
5928
6530
6486
4635
3204
617
937
7107
6241
8940
8403
2682
3876
739
5467
9264
1345
157
4266
9779
799
9500
3331
7542
1388
7833
7443
5722
6267
5108
7622
4668
2058
8976
6175
3800
8354
3763
6937
9476
5603
583
8942
4205
8507
9591
8522
9354
7449
5985
9022
2799
9210
5263
3822
3024
1413
5797
2883
6983
4954
2331
5833
2978
7316
5183
8642
4395
2133
2169
5282
2762
5665
1795
7615
9437
6489
8612
4796
8970
7887
726
7364
2911
482
8719
5950
5892
5154
5220
7937
3180
4826
7275
635
2114
8950
9542
6796
7790
1211
4827
6996
4136
2055
8243
954
7396
8359
226
5553
9959
