3719
4896
4965
7070
6307
5127
2619
128
6280
9945
2527
5506
7842
8530
6669
456
89
6840
9774
9055
1240
9382
6428
2022
2180
6728
2959
1915
5599
8373
1310
647
9479
4627
4319
7499
5994
3669
7676
2844
3229
2479
9596
3830
4907
5788
1435
4265
6309
9622
1637
1039
3428
8298
1603
9232
3261
4522
3645
2370
1444
6116
5861
2134
2429
9438
9248
2792
4789
1309
3148
804
238
6686
6181
453
2426
5876
8896
113
8676
5452
6566
1299
1420
6141
7116
4500
7011
1697
5528
3437
7314
7031
5335
9589
9009
7172
2630
236
4313
2024
6828
5271
1630
8397
7666
1118
2350
3801
9668
7040
5223
2815
1195
6289
152
7564
9763
3730
9235
3326
1256
8450
9524
