5281
1055
5678
4990
2415
2077
3042
4668
1233
9247
7329
7651
9767
6662
1411
5804
2040
1909
2228
6598
6454
2
2662
8284
1037
8511
3998
4820
5187
9353
3931
5813
9397
5209
5134
773
7888
6905
9677
3760
1510
2611
1947
2011
8484
9856
4827
7132
2084
4228
7419
425
3514
9090
1370
5763
8855
2204
1682
2859
3995
7450
5254
1578
5850
7142
7034
2323
4494
3958
3943
8226
609
6062
2964
7508
3006
8828
6961
8813
647
9703
4580
9997
5563
1157
5944
632
8257
7297
36
2721
4514
9724
7069
7265
6902
693
8600
9670
2207
3026
8738
3487
2518
1856
4208
5416
3427
2851
7911
6019
8296
4040
7453
9607
9139
5674
5572
2860
2776
6262
6388
1118
565
