7672
1011
5553
2222
8265
8210
2508
8124
3276
1183
6284
4837
1430
5318
6611
1766
8199
917
597
9875
7613
8798
5033
4331
4267
5279
1730
4501
5198
8191
5647
5364
910
3760
7217
5827
9953
5964
3050
8033
9740
334
6453
98
1969
2473
8874
3392
5988
1747
572
9229
5976
6510
4273
7646
3519
5084
921
6258
3646
5200
7532
5831
5331
7579
6374
2463
6875
9719
2297
8380
5441
2439
2596
3255
9311
6215
4667
3408
6988
2249
7528
5066
2529
6929
1631
8552
6426
7910
1972
9659
4647
5146
2628
7394
5393
3953
744
686
4670
1601
4988
7282
6898
3814
1256
8178
9578
4489
2144
1085
359
6851
6374
4472
9725
7557
2944
947
8571
1726
4406
7683
4837
