8352
2008
4874
3571
1041
6656
2710
951
5314
7551
6688
6995
9871
8897
874
6889
4351
9454
5473
9345
9727
4558
4785
4411
2653
4421
9345
8479
1300
34
8928
6021
4770
3942
3918
1578
1751
2346
6889
1260
7364
9643
7097
3411
753
3380
5131
4550
8898
9064
413
2202
2186
6797
8542
6864
6266
7425
4572
3051
6279
9758
5640
5641
3765
125
4242
7582
5139
4321
7582
1738
4464
6389
2347
5242
417
5234
2609
3789
5009
4176
9949
8391
1990
7
6927
910
3958
3393
953
5576
6521
4489
5067
8865
8186
9164
2558
1006
2850
4554
5057
3084
9387
8785
3822
1635
3979
9067
9350
5993
1986
6049
3773
1626
7058
9410
4085
5078
318
5219
8001
1757
2201
