6407
7410
9818
4535
4761
711
4207
5417
4946
9293
4145
5587
3959
9318
8387
6242
6313
3730
9483
869
920
3769
4171
4362
9361
9235
97
5042
6470
1700
4758
9876
7605
3743
6184
2233
3539
1988
2271
9467
9457
389
6055
4885
7873
2499
895
1545
108
6219
7157
7828
7640
9291
3684
300
5966
6220
1990
7797
6368
1526
5334
5321
1500
4396
8451
7438
1804
1767
2242
6668
6576
9950
270
6898
2654
9069
9418
4232
4353
4544
333
1148
9770
5232
1518
412
4428
5521
1517
8455
6628
8683
296
9905
1701
2374
1801
6785
4404
4733
2127
6380
6095
616
6091
4032
8206
5401
784
2654
524
9391
1834
4984
731
3042
1099
9927
7136
5723
5564
2744
4981
