3302
9168
7115
3442
1193
3769
9869
1948
9474
7693
6083
6692
2124
814
8940
2854
6541
6561
4084
4739
9791
876
8750
8926
5666
3090
7685
7005
6330
2825
3421
585
6622
3929
1606
5426
8381
3907
3716
8471
8304
2085
4634
9167
7753
210
5371
4468
3114
925
4881
8731
377
9407
7023
5417
9838
9874
1876
4136
7917
2954
7524
731
2335
9698
6190
5930
5452
4407
8702
8097
8422
1336
9127
8957
5397
7675
3177
635
9754
607
3630
8444
2668
6736
1278
6979
8544
1148
8039
3321
3658
6055
9179
3942
8242
4187
1584
5542
3968
9099
1499
1701
3221
2507
6127
6234
3025
1184
3566
9969
5455
6726
8159
3177
2413
7564
5386
3181
3494
8852
5524
6167
9497
