8171
1375
7145
7595
8023
1432
8734
7554
6126
3850
9561
1972
5923
513
4011
3146
4324
8874
7701
8307
9642
4978
2843
2034
4914
5585
1915
8602
7201
7474
9581
9711
155
6251
492
6331
7516
9730
2780
8916
4860
3983
5094
9811
162
1014
6985
4932
9804
4877
9110
3398
9656
4138
1390
1983
4623
9157
6562
5773
505
1194
908
4280
7556
9532
23
4623
6301
3297
2926
8171
8467
2624
6731
1399
3671
4687
6860
2800
2344
327
5963
4074
411
6668
3040
1462
6853
7987
308
2201
3749
5015
6046
3383
9964
4535
703
6931
5745
7849
2533
9737
9459
8401
1703
5081
3163
545
5255
3655
5462
8130
6597
2970
4945
6176
9477
1211
6440
2489
5119
1177
7610
