9827
1359
4752
9369
5050
4640
2034
7154
4149
5683
9509
3162
1287
921
9037
8361
4743
7186
2417
5870
8427
9133
9713
8386
9637
4380
3390
5595
5758
7342
2484
5095
1618
670
7491
4430
234
9906
6357
3016
3427
9708
544
2556
1493
3041
2066
2088
1587
490
4363
5079
7738
7233
1863
3640
9902
6963
60
6767
991
4601
979
7169
6396
2867
5158
2030
4577
7121
9509
1189
2551
9266
8990
2933
2893
8518
726
1546
8321
4528
1252
5422
1758
8180
3402
9151
4905
1343
316
5998
533
2144
2358
1118
8930
5788
7219
9482
8479
3241
5692
2205
6230
3056
2998
2223
3124
1770
7091
5255
4316
6565
3891
6040
9221
2793
3890
634
6032
7591
3187
920
2996
