6111
8555
8298
5298
4508
7889
10
2813
2908
6014
549
9822
553
2820
4465
683
7214
1537
2477
7818
5017
8004
2817
1585
1143
5007
1678
6953
7570
444
1691
3515
4313
7970
2242
4267
132
1556
9544
6379
3585
9301
6637
8201
7072
282
8602
8641
5600
3406
916
7263
5389
4036
4251
7188
4840
6508
1504
7177
1615
7526
9777
1947
7500
9637
867
6016
7480
501
6122
271
6546
8557
5136
6178
8801
8057
8626
137
1818
4662
8417
4779
5032
8388
7203
4443
1192
8435
4309
2873
9328
8538
1849
7115
3479
8787
605
2327
5290
659
6733
7694
27
5891
3657
4060
5
4166
3344
2967
3360
6412
7772
2949
7277
8392
5856
665
6505
2337
988
1961
5217
