1911
4736
9550
1704
880
3383
289
2695
5503
7140
8559
5474
3543
9515
359
8722
2606
5696
1265
1923
6396
3563
6025
6721
3514
9437
550
8807
8708
5693
2926
4309
1448
9166
4847
732
232
1595
9757
9333
847
5368
2715
3911
445
6395
581
9126
3767
3211
9890
9052
319
3425
5945
6096
29
423
9401
2780
5944
4835
5406
7781
2267
8153
496
9952
1193
6284
4408
9810
6228
7396
8065
7355
1961
8467
1095
5861
1316
3770
1463
2462
651
4365
4150
2526
3580
2101
69
7327
5689
2422
8115
9876
8208
5367
8570
4159
6567
183
4010
8251
2200
9332
456
8916
8962
1685
4943
8020
5491
4303
3998
3118
6134
9376
8387
6983
9196
2973
916
5886
7716
