3651
5709
7281
5515
5045
6605
6182
4660
3679
7487
6791
9892
6462
1159
3332
5788
2365
5537
2797
2257
3787
8305
3846
66
2346
5331
8198
3176
7264
3336
293
8980
2197
1498
3988
8229
3831
6592
1389
1744
9363
7260
7712
6204
2090
4408
1955
521
256
6172
5782
9140
5474
9251
8027
2790
3821
7404
8917
6665
6484
1257
28
3792
6560
6184
7668
357
5424
7362
7393
9024
8948
5947
2458
1437
4329
1091
3714
3002
3364
5757
6430
1648
702
7590
6328
4568
4912
6040
4269
9878
4818
5421
2371
7016
3509
6249
551
6334
8424
1382
9326
2779
4340
8735
1720
6909
3571
8112
9695
5698
9855
8961
8827
891
2337
7262
6054
8771
8249
7518
4099
4250
5192
