5455
7917
2474
1958
5301
2044
5166
7302
9013
8100
44
3353
417
4246
5781
3774
2380
9272
3811
87
8381
9436
159
5998
5882
1406
8737
7585
1806
8549
5684
234
8242
3224
2312
7966
5029
3266
254
2395
6716
259
7256
694
8752
7326
6584
6865
2138
6177
4397
7988
3287
6437
6764
1510
9678
4973
8735
4054
5173
7277
3960
5904
5090
3004
9480
1911
3289
6404
3611
8207
3182
3194
5972
37
1896
8443
2831
7934
4855
3342
3862
4486
4548
1506
4494
920
5964
5973
3280
9104
8663
544
6317
1635
7722
1838
4348
2057
7817
8751
8244
6922
6511
3131
8392
9401
9422
9133
8931
9660
8038
2572
6974
495
9134
7172
5028
8134
5972
8137
1061
639
1046
