7487
1038
872
5694
1005
9335
4713
6553
8994
7399
1208
3243
1520
4907
5653
5748
9693
1780
5155
384
9446
6730
7733
6314
2668
5444
1533
6030
5829
7884
9365
7541
9359
2935
1385
1151
7318
6219
5044
784
4072
858
4450
7869
3310
1099
6239
3427
3177
3052
2662
3193
6251
7809
2215
726
7720
3035
8293
3404
2999
1469
8609
2898
9667
8791
8774
6094
2147
5339
2150
4350
1936
5326
55
7101
4666
3703
9659
5899
8748
1947
3164
2790
161
9200
8185
6747
2160
3561
7818
5722
4567
27
5229
5927
6644
5010
5311
9563
2719
1958
8803
9737
1293
7371
1111
8661
832
5179
610
4472
3511
8907
4138
3059
4076
4301
2161
152
6080
8181
6854
3372
3540
