6048
5913
6876
3673
998
4965
3648
2796
8259
409
6415
3462
5538
2596
9587
9970
6125
8573
3329
3179
9925
4665
5252
1940
8882
8900
4317
470
2398
2627
1384
4773
2970
6519
2439
6101
9088
6250
9776
4751
2849
1577
4892
4064
269
5134
389
297
5232
2373
6251
4655
3607
6426
3250
3085
3289
4331
594
4696
1444
5771
703
2972
2140
403
7076
2815
1685
5748
2402
8897
8105
1732
1126
6852
7210
3872
5801
1839
7778
2336
2324
1508
4849
6906
6896
8134
102
7307
6118
278
9654
7471
7693
7023
3030
9961
6265
969
6532
5126
867
1735
5199
7739
5730
368
1708
9915
8810
7108
2401
8049
2529
8773
5665
3422
1956
7601
492
8593
3068
3387
4363
