6838
1869
5669
7359
8341
1062
9442
1939
9374
4187
3031
3535
1811
9112
1989
200
1094
1327
5489
3104
3621
5261
1222
9270
6549
8423
5886
9159
2480
8752
5070
3874
4298
6700
9619
3698
7236
3208
8590
8787
9340
3287
1414
7150
7604
590
1671
3664
8364
852
5322
5493
6668
4372
6900
1280
8898
4796
1137
2506
2163
3009
1082
2259
9475
5174
5841
3287
9707
2314
6208
1770
9233
4039
9412
5505
7402
6566
8998
4308
3545
4657
5554
3217
3817
2987
9301
7197
4941
6985
1218
639
2731
897
7253
8974
4875
3109
6589
6782
4218
4466
3211
4611
228
1872
1350
6790
6168
8155
9342
2160
1994
8871
211
8020
9481
7720
3600
549
7278
7840
5350
5213
4246
