7877
9950
9426
6459
6953
7928
3029
9724
4848
1060
8448
5821
3960
3667
9411
7141
3659
7840
9914
1661
9725
9763
3495
6740
1413
4464
8091
9484
5350
8255
691
3953
6101
2051
1286
5827
5554
161
2130
3999
7101
4742
2533
7965
2054
7582
3608
6704
8207
810
2295
5088
8963
5323
942
5278
744
2714
3609
2285
4857
3050
2782
2126
1935
8660
5981
4846
4066
2095
8336
9321
7387
7427
1
7552
7173
7046
1498
3080
9501
9023
8515
1480
320
1495
8356
6928
7009
9484
9256
8052
414
1481
3457
5933
7446
9333
3874
343
1399
4294
417
3284
3470
525
6987
3633
5909
9817
996
4547
2159
4143
2756
6354
1198
6826
4034
3722
99
6310
882
7007
849
