4118
4019
9720
8976
7774
7503
8147
5914
2503
7897
8151
8724
2861
720
2996
7716
3049
2819
8777
5466
574
7163
8961
971
1159
9438
8150
9889
7009
2136
8319
6138
6098
7664
4157
9495
6423
8753
4443
5588
6064
7784
2049
109
265
7541
1101
7950
473
3254
4438
3468
3345
14
5433
64
6410
2797
6546
8619
4008
8050
5419
1234
1056
8005
6963
2807
4100
365
4782
9608
1675
8139
4664
3563
624
2736
4478
662
5666
1889
5615
3571
4425
609
4716
8950
8706
4092
9815
2433
6995
8934
5392
1925
5410
6874
573
8721
6184
8251
7501
4638
7725
8111
2736
9962
9682
7462
545
7794
6022
9182
4401
563
6516
2033
7895
9098
3437
6881
758
8287
2511
