8954
6594
7519
4292
635
4975
7535
7839
3384
4343
571
8156
7889
8701
9732
1683
8906
3170
3215
9207
4467
6806
6077
9589
2198
9118
2434
96
4052
9774
2722
4728
1219
1738
2364
149
1576
6974
4446
9218
9218
5776
8502
4736
3438
1700
834
1102
4330
3568
125
5940
7951
2623
8816
2622
8651
1428
8915
2796
7903
8761
4523
8363
1691
9682
9710
1508
8098
6563
5423
5860
6833
5865
1422
2853
8510
3019
3207
101
4639
7551
3576
816
8976
517
8072
9551
5112
4225
9565
1377
3496
186
686
7643
2449
1931
2061
6046
3898
1606
4166
9824
6923
7954
1117
724
8472
4766
3538
6853
5779
4515
2203
6123
300
1979
5401
6987
2262
7602
3766
727
9335
