660
3971
6933
162
6716
7745
879
7306
9336
5074
5551
9775
2147
9773
6118
406
8669
5660
492
2026
1539
836
8978
4439
281
6926
7593
2335
834
2929
7929
2064
3940
7236
3624
2869
1874
365
6143
6431
7317
8057
474
6608
5297
3377
7887
6594
9201
6450
6590
9210
879
2762
9857
6401
2157
7601
3950
5062
3278
3197
4954
5155
100
6217
5794
4760
3743
344
3482
7830
3336
4322
4823
7873
6870
9463
4652
7123
8768
2998
7734
6335
6095
9149
9246
935
533
1233
5073
9030
1262
4416
9286
9064
2612
1214
292
536
7223
6597
6752
1933
9640
2361
3959
6109
1936
8395
850
3246
2669
2890
6120
930
4088
8861
2805
3190
9292
6697
8223
6903
9081
