6678
8457
2416
2441
3456
5216
1545
8240
9261
225
8238
332
6526
6768
2054
4197
436
1434
7183
7789
5067
9764
8734
5989
1067
667
2238
6848
3241
7274
5969
3149
1248
8692
2213
4472
5926
1816
5945
5201
6676
608
6012
2244
115
7650
2571
3169
3506
602
5200
3014
3708
4847
6676
5845
4504
2672
5958
1834
5935
710
9384
202
7449
2257
9576
3468
3996
652
9807
8421
1740
9176
4321
6095
4228
5245
5670
2834
1997
3238
1977
6085
248
7057
1089
8945
7757
8642
2506
8646
6388
2770
8147
5883
9624
528
3137
5930
9578
167
3475
5686
8772
836
7032
759
8433
3773
3340
7476
8019
2652
7074
9866
7696
7489
7030
3068
6147
7803
7880
7779
1662
