7099
2351
3183
6047
7751
647
1226
962
646
4687
1989
7245
8369
6108
6469
4939
7002
178
8501
1290
9638
72
2878
9077
4524
6819
1401
8449
8907
1766
1443
389
4273
9543
6116
6271
1400
7620
1915
4503
465
6137
6888
2164
2716
1431
1110
3050
5646
7915
8131
4828
3270
7613
3729
5604
4831
4909
8045
259
270
9298
7223
1588
9419
7194
7471
5290
9708
7029
9054
1023
7869
8438
4673
7474
6459
8847
81
5029
1026
5541
3922
2067
9462
5122
3102
9915
7376
4597
273
1956
2442
1612
2345
3802
9910
5577
9505
2742
4994
5429
6415
6705
845
7808
8720
8182
5068
6772
5996
3307
3921
3559
1490
1716
5135
8364
2137
7207
1639
7966
5382
102
7390
