5214
5925
5842
4166
3504
5813
2790
1933
1197
7643
6897
8375
7376
2815
4350
2870
9899
1561
3383
2499
3355
3747
2371
1601
4262
623
5126
1725
8588
6989
5733
4428
7985
9020
2767
7887
3073
6293
844
3705
2577
5099
6977
3009
9424
600
1107
8508
9249
7399
5733
3081
1805
9167
5774
2259
9236
7606
438
4802
488
4589
6868
8724
631
5221
5204
897
8217
6910
9657
4718
2343
3228
1086
3261
1067
781
187
8339
6800
8445
1128
880
3855
9935
7707
1508
9271
1695
633
3073
8452
1195
9281
5455
9332
5150
6923
4142
1910
3092
8515
5972
8043
8483
8135
5245
5562
4436
7106
8310
5032
6276
6341
4052
6092
2856
8623
9048
9935
7020
9357
2245
3020
