1474
1075
4079
8573
4103
4893
8137
1515
6099
6676
3146
9254
8063
4583
9223
2828
6799
9172
3198
1365
8442
7932
6909
6289
1274
2317
3811
476
2210
3209
9445
9110
9572
9409
5063
7939
1339
4636
5941
2484
8910
7841
523
3999
1331
2091
5196
5641
469
3040
4980
9288
7278
4493
3402
2581
9090
7749
4430
4447
4409
7698
9147
1731
2354
5092
9852
2055
9771
6368
6536
8039
6629
8028
521
3626
6285
3212
1633
2986
3181
8294
7704
8928
5204
763
1829
7450
6585
8748
2302
5639
3865
5370
5801
4282
9728
7651
2687
2905
4307
555
8695
2205
3259
7004
6441
2833
1174
6575
4622
4281
1043
4064
6323
210
9145
6067
7750
3900
5675
74
7229
3611
940
