5314
4302
8801
471
9272
644
8728
5343
4041
7469
785
9072
5706
5521
4231
7060
8941
4945
2056
503
2334
5843
3025
6253
2615
4004
3973
8152
3442
3754
3516
9624
8573
1595
5775
6764
8657
8857
3086
2435
8411
2779
6472
2623
9874
656
6473
3517
4062
9626
9215
4522
6721
6995
2339
2565
6991
3538
6194
2445
8990
2295
8197
3554
1071
9871
1520
9458
4742
7384
2422
7821
4284
5338
311
3436
1647
9460
5483
4625
282
530
5241
7007
1526
4202
4285
8829
3339
2702
312
6643
9016
7397
1165
9808
3830
1394
1026
2563
2889
5873
5108
2518
144
7508
3801
3109
271
8899
9159
6805
5149
8462
2995
2311
7833
7832
11
5843
3395
7155
2067
1666
6234
