1989
8837
3267
8204
4579
6377
455
7043
2041
9396
5446
4355
5181
8391
5257
2164
6774
5379
7858
8230
2427
4867
9571
7228
5045
8064
3051
6065
1198
4918
5603
9830
9317
4117
4575
2131
874
1195
2690
583
6361
3406
4201
7481
2236
7605
8473
5176
1254
1523
2225
795
3300
2642
6360
153
9779
1678
9700
4201
3323
9195
9330
6499
9329
9260
1555
6719
1318
4470
4909
4531
4790
3137
1407
1576
4723
9746
713
1420
3773
7990
4716
1850
6338
2864
695
866
2432
1151
56
4435
113
9156
514
2025
2172
7000
4431
8993
5002
3128
1207
436
1133
3883
7790
7873
1622
353
8708
7451
5223
4118
9854
6119
5068
7440
1693
1318
2416
2086
1972
9728
6110
