6937
8098
6656
9943
6057
9832
7520
7863
5392
1808
9483
6261
2889
3441
6272
1713
7109
9464
555
7302
2561
6535
3241
9802
5638
8098
7527
1760
4636
3021
7709
4529
6202
3889
8015
8754
525
4701
4515
9134
4793
1932
9386
3427
4746
2018
7719
1597
3758
932
2465
2922
8682
2871
2770
6150
887
4714
9136
9627
2100
420
4355
541
3395
9580
3977
9587
2803
1718
4361
4376
9072
9275
3577
2894
4872
6586
7652
9830
3057
6110
8442
3059
595
1927
8043
5722
3975
8450
1124
9360
8221
8511
6681
3974
7033
3593
9084
2241
2447
9879
2079
6584
5477
7424
6940
936
5445
5710
92
9631
5583
7772
1594
7607
3807
2232
8584
6737
4611
3944
6734
1822
4175
