5478
9060
714
3655
6736
8976
3044
4838
4953
8317
897
7043
2092
9750
1796
7898
1812
7134
355
7497
5681
674
278
7203
3720
78
2605
8060
526
6449
9782
9418
7146
4224
883
873
6393
4510
7434
69
4730
3123
7663
5276
4622
2990
9954
9106
5745
9366
5086
7112
4735
8752
3469
5260
979
9961
4848
792
3164
2770
9928
6118
3202
2336
7416
781
1862
2324
7940
8153
8846
6395
9096
2270
2160
4790
8187
2262
4682
4123
6664
2724
8887
723
6584
4240
4582
1563
891
8794
3612
3175
5072
3979
5671
6941
9617
2149
7278
2638
9396
8115
218
4130
7486
5309
4039
5003
1490
3965
9130
2008
4068
9463
2506
7969
7222
4506
2731
3501
9390
6106
5396
