9370
2453
2184
7845
3947
8211
4269
5721
4132
8274
2350
7340
5127
1712
6114
999
5793
6742
2071
6251
219
3293
6489
5492
8277
9740
6857
9576
5026
9051
4462
4477
6187
2322
184
9794
8578
6848
8855
6358
1793
4645
9017
2664
8985
9792
146
8139
4129
1774
3402
6102
4104
5659
270
3666
958
3927
3353
7957
3732
4107
609
6541
9397
9314
6039
1943
1914
6348
2416
6226
8064
5053
7439
3305
4480
4358
7983
5291
5652
7392
6577
2839
8681
3496
8486
3782
2534
1663
1535
5328
7136
2748
846
9921
1371
3001
8636
910
61
9183
2216
4389
7841
102
1679
8860
1973
2447
9550
5105
1560
3145
9928
327
3333
4039
3547
2109
122
7817
1612
3208
4164
