1222
2944
5634
5143
3274
4563
9650
8340
9925
9706
8895
8588
4355
5319
8428
2899
8243
4754
6804
4214
161
5004
8539
1288
9582
1053
3775
831
502
7416
3802
1837
2275
193
9206
201
3018
6422
1301
8109
2247
7101
2748
9681
2922
4103
5142
1481
1659
1777
7858
8237
8396
5699
426
773
1716
6752
2463
7473
8977
3501
7092
4472
5192
6884
3351
3919
1128
6768
2023
2967
1732
8351
145
2421
4707
312
8797
5388
1955
1891
7462
3258
6114
5221
1442
6847
9404
8547
4857
9913
6093
2437
3995
3798
1818
4049
4609
2103
2597
8525
3659
5868
9078
4101
8641
3696
7921
8313
6790
3500
2475
8992
4534
1336
8402
1556
7587
3289
4445
1436
9250
6748
9690
