6360
1087
1776
4735
9010
5151
324
4539
7090
7483
4118
4747
3749
7798
2455
2343
1639
3853
1848
274
1939
367
6781
7377
9863
9506
8339
248
2420
6521
3677
9646
3314
1687
1532
2929
3743
8194
6081
5706
4112
7479
7550
7658
8225
392
8300
8507
2356
8157
5556
9271
3625
7653
9774
2636
8811
5590
2240
145
7792
4170
5920
752
939
6966
7866
9473
1982
8045
2325
7836
461
8274
2836
893
912
4698
4626
7832
7130
3921
4511
2634
3893
8664
5171
2396
4323
9211
7923
370
812
9483
6486
6025
5942
1674
5025
6546
3705
2947
797
3408
6443
9176
7935
2166
4403
145
8105
5764
261
5109
9507
9256
8612
9120
3518
8896
6767
9623
7179
2907
2631
