6296
9941
3361
9794
4929
5408
2473
3444
8250
723
2178
8274
136
5950
2272
3192
516
5476
1053
9805
8285
7605
8402
280
6240
2345
3574
8510
9982
3703
3324
379
1252
1738
9235
1246
6575
2571
4831
9450
2470
4942
3155
6894
7256
2148
6232
171
769
3012
412
2353
4790
5334
7227
2973
750
5674
7329
706
3981
8853
6063
5334
3502
5665
4953
6436
6559
6007
2728
280
4997
187
9123
4773
9434
5209
2772
8154
5982
9744
4062
1059
864
3657
4717
5322
2439
1524
3874
4184
7206
3437
8479
2271
5581
7761
9687
7490
9376
927
6143
6821
4641
4524
3208
6198
1798
2656
4065
3438
6940
5660
8560
2273
422
7626
9433
3966
173
3824
500
5336
3156
