5524
2337
2257
148
3343
6912
1504
1486
71
1207
8643
5834
4986
2317
8864
9154
2902
7857
2223
1334
8218
9475
4314
6963
2869
1094
9656
8756
9016
7131
2582
3499
4191
4740
1461
203
2222
3553
6582
9989
7258
4080
4036
3239
1662
6862
9984
2249
7462
9015
9923
132
5769
3353
8978
2054
699
7330
8872
2635
4336
302
2498
404
5542
4394
972
6530
937
8270
3466
3969
9743
4239
3841
6924
801
8913
4367
5463
1353
9976
4753
4216
1660
6137
5958
9234
8507
3191
9641
9506
9261
8920
3574
8606
3211
5238
3507
4437
494
862
8067
6565
1579
8415
1682
475
6484
3734
7533
7472
1522
7090
2243
2317
1268
6084
1523
8180
3046
5107
2485
2792
7223
