3893
9290
9656
2360
1380
245
5655
62
2196
7632
7658
545
5250
2292
1921
1396
6064
6983
7226
644
1493
367
2358
1419
3174
9375
8623
6853
6560
5800
9689
7902
5139
5096
3667
8918
8017
2599
9229
9883
467
9356
5901
3601
2716
1425
9546
8287
7715
155
2590
4315
1773
6756
8198
3578
1303
3378
625
4690
4048
9010
7306
4823
7036
5520
8442
5562
697
6362
4731
4241
5819
5342
8731
7659
1753
5303
3199
6321
4143
1368
8197
1958
5926
7294
2444
8702
5512
4678
208
8982
9670
7819
643
8477
7047
9082
8934
8663
1755
3559
5719
5928
9215
6214
1281
9848
9696
3622
9468
4654
4261
8273
7263
7281
9386
9026
756
1905
1015
6848
6674
6282
6735
