6983
5056
1571
9075
1159
7708
3678
2375
8252
9097
2281
7645
469
7473
3418
5444
9322
5350
9900
1010
5897
2369
1310
8429
2989
4329
9151
3896
3300
4524
3615
9366
7484
5070
454
3134
4935
9610
6619
2069
8799
3453
7381
2310
1511
1810
6188
654
3381
8040
3558
6431
1939
570
8952
4852
2395
7471
311
7940
7779
9981
2008
3993
388
7164
7482
8845
7378
5747
3083
9379
5090
4039
6536
6851
7094
8073
1025
4575
3166
7752
6078
3852
7179
9851
7990
7944
4103
1118
5204
4272
7994
8570
8122
6600
646
7358
4705
8207
617
6852
5497
655
6107
7763
4825
6010
7073
7320
5313
5004
9015
6120
5111
8198
4193
2403
380
6990
6273
9550
4534
5065
8200
