7353
6381
3545
8048
4237
7332
5913
7562
4632
9917
1747
604
7021
6459
7967
1895
3467
5923
5430
1440
6810
3811
1930
1955
5764
5517
7979
8245
3718
5998
4375
311
7870
3931
3368
8916
351
4611
8063
6165
5012
9283
6516
4031
5150
4880
7222
7159
4372
437
3405
8634
9227
8264
7077
7506
4036
4369
5452
7914
9351
9530
3975
1516
6111
2391
5235
8290
7153
2150
7023
5308
4411
5286
6897
3716
7847
5529
363
8784
1658
7403
8966
9554
5019
3266
3787
9812
799
7109
7536
7479
4770
7700
5963
9204
3211
544
6099
8768
3592
8042
2370
6791
6032
7334
6667
415
6304
9942
7591
4686
1919
9624
6615
5372
7687
9907
7648
8943
8527
980
4367
3622
1064
