9776
6387
6983
3487
1590
6336
926
3741
2113
1023
8487
4244
1855
9456
9849
1739
3919
2495
8449
3401
8949
1174
4538
9418
3615
8347
4369
3554
3237
255
1836
1929
8908
4135
5158
9641
8839
122
3596
4298
9398
9422
2276
614
5420
6521
3529
865
9545
9912
607
4029
3392
6341
1478
2972
9312
1823
8884
7383
3037
5935
2363
7520
4145
6084
2137
7371
7085
3454
4040
3143
6805
1283
8218
6797
4303
37
530
9695
9695
243
8072
4324
5755
4057
4351
3047
8907
6018
158
8888
7203
5601
9107
8502
5217
1333
1265
6158
3379
2070
6984
858
3684
5433
4775
9887
6936
7999
4649
4097
2295
9823
2223
9901
7854
1
5108
8104
8662
7477
6798
954
9701
