488
7301
9688
6413
1689
3244
7121
4772
2990
2636
3858
3831
3613
2884
4609
1820
808
5577
6754
4227
685
848
6755
9037
9111
8932
3072
7004
8448
1233
4688
5772
4731
3582
1544
6787
2012
4825
8307
1238
6879
3204
3982
132
400
6932
1055
5180
3108
5241
5855
880
1462
8143
4515
2075
3223
5176
9069
873
8839
6279
4972
5242
6757
1856
11
8698
8848
9448
6438
42
7688
2004
4010
9661
5190
7386
7235
6054
4515
7323
5353
1638
3302
332
7790
6596
1633
6735
3219
5164
9086
1110
9085
1061
1805
5287
1799
9810
7061
5350
7380
3844
7640
7592
8178
7625
2423
7042
7015
3872
4315
3910
8352
2384
9527
1342
4593
8637
8839
6672
2688
8551
7098
