4519
4207
6999
686
8897
7883
7862
7310
944
5153
8330
5475
6379
4878
1122
5899
9521
2517
796
643
4586
6058
4488
5213
4729
1834
8338
4641
1431
9935
1838
7681
5785
9666
2994
6783
3248
5220
2438
9242
5380
7311
4786
6660
930
6801
4059
1690
9311
9196
9834
4224
5950
1751
8555
2143
9867
4720
164
8163
1630
4957
8968
4122
9590
7126
853
7974
8587
5050
4533
7329
2338
2260
9195
7382
6904
8294
985
4712
4108
2701
3805
8865
1562
8867
3897
8351
8747
4854
5753
4939
5982
9738
7538
1551
2421
8228
9172
7231
5180
7337
534
9107
3683
8565
5871
3195
582
3782
7587
3147
5474
6561
5402
2343
5627
9714
845
8766
4446
2119
3378
4932
6599
