4798
8228
6369
9564
1439
2417
9736
8640
9130
8040
4942
7493
4229
2573
8712
3294
437
9322
9997
4881
7774
7558
3647
7914
3059
7980
6987
9866
4377
7584
5473
2367
8749
2679
4177
8666
7992
4768
9618
5205
2439
3618
7585
9377
9364
2114
395
7902
5920
5553
3446
4607
8262
9495
6187
1182
4329
221
4037
1558
2734
5381
5956
2455
272
8722
3578
6899
6812
6325
8401
7414
8761
5219
7925
7717
6159
3134
9215
329
9104
5645
3902
9914
5951
2579
9092
3607
9368
3988
7305
2783
2925
7860
2232
7659
8702
3461
2991
5057
6951
4376
8391
5353
355
4844
4095
9396
8292
7328
1634
8094
5261
3389
4559
2767
9807
4682
4357
9569
7358
1588
4937
7300
1918
