4218
4573
4230
8017
1026
5691
1014
1370
1890
8364
7891
4490
3290
4980
4699
9730
2273
162
6608
5282
3944
1603
9763
9612
8792
1517
6613
7498
8823
3816
6926
7322
723
7722
9143
9825
9710
7469
7376
8406
4134
9070
3211
8305
7950
3446
2139
5639
9114
8438
8096
3297
6361
2642
9720
9869
1516
5362
2940
6887
7860
3998
6858
8931
4946
7344
9274
4971
1942
1163
5609
9316
7813
3176
9814
208
9568
7637
2727
3729
4480
5395
6658
7381
2567
677
1548
1243
8795
8696
1797
1906
3632
364
3157
2657
85
7746
1718
2265
9104
6268
4820
4697
1602
3025
6839
2240
3736
6498
1878
2245
6524
2239
8295
5051
9895
2630
1983
5815
2118
6225
9753
1177
3019
