1795
8100
2365
3259
7483
3043
7210
1889
2110
5933
6659
8858
9864
8377
8668
9201
3910
9524
6214
7633
6324
859
6645
1911
3843
6726
4007
9852
8333
9989
822
3886
2258
1482
1722
8339
4087
4671
6603
8008
9767
772
314
6107
6390
1459
452
9553
1979
1130
3047
9819
5909
5556
9328
8659
8716
8854
9953
9576
9421
6591
8511
1754
7136
2026
2712
4936
9029
1985
8330
8326
5985
4967
9669
9827
9605
7276
1530
8347
3828
4775
4716
8104
2234
627
3853
8840
2110
3423
8560
1429
2627
1974
3044
987
1777
6455
5287
6330
9374
9497
3129
4012
8970
2764
724
3005
3979
3826
8256
4464
9434
104
4682
7491
4931
4615
9526
4035
3065
2799
6637
8987
5787
