459
1572
4613
9571
4693
6228
160
5012
6274
1629
6154
2567
5266
2094
2716
9163
8740
7920
7183
5748
8447
4337
3696
2905
7994
9975
5646
3233
1834
7114
5815
7966
360
3792
6639
4629
2724
7957
6074
6391
9968
6191
6861
8016
4820
589
5198
4136
6364
1769
5682
7461
7430
4498
6842
2185
1500
5502
6205
2159
5285
6101
2479
7110
8347
180
7706
4532
8275
9981
1980
183
9034
8938
286
2855
225
9759
8559
1896
9146
6830
8148
9234
4926
8044
7877
8842
9775
3731
4821
315
430
6355
2470
3908
2716
2095
813
133
823
4540
4725
7268
4318
8968
6662
7712
6154
673
4050
333
5071
6821
4382
8772
768
2896
4159
4170
517
6625
3788
8811
2376
