5243
2988
2678
3695
8232
1348
2090
3438
9032
8897
7354
4055
7377
8624
900
3800
3109
1154
2004
6705
810
6803
3288
6015
5456
1610
5987
1986
7931
4837
6320
754
2754
1155
746
5689
8042
7089
3159
2265
7890
8460
324
7414
5002
5140
6775
7059
6702
5412
5837
6209
7095
2354
8786
7361
2764
5941
2617
6407
2078
1792
1618
1443
4078
7621
3436
5003
4001
4630
5956
568
6322
5271
8324
4442
3955
2942
9274
991
6902
406
4816
536
9205
1216
9242
6470
9994
9262
46
2028
2010
5358
6736
1864
4934
8355
4559
7942
6013
6263
7631
2856
265
4664
2095
9446
3639
206
924
3391
1077
1692
7069
395
2314
6435
5883
3919
4818
3677
2227
222
4833
