7038
9246
3084
9796
5729
280
2665
7229
1885
2563
2300
7109
5586
2001
3953
9945
2107
946
9780
7300
5296
2821
5808
4544
7441
218
724
1481
7730
4979
9622
6376
441
6057
9226
3497
3423
3877
9144
7672
7251
2932
54
1638
7626
7577
1862
8322
7347
7411
2251
9358
6798
8352
1658
8354
3666
4847
332
657
6506
1397
9042
6714
2486
8836
6786
9687
3982
8510
4439
1905
6250
4332
2662
6937
8714
9095
1054
8183
1087
5354
3164
6758
2293
811
9097
1633
3380
1432
8843
6714
236
4178
1511
7850
3454
2977
4215
8628
5867
6044
1709
1994
7658
169
1579
1977
5805
7556
7371
6859
6531
449
5176
3345
3243
7522
8145
298
4527
3112
3400
6168
8140
