9382
9541
5726
6259
3575
5804
4315
2611
4698
1263
1148
5629
8403
1013
6372
1059
5960
9874
5164
4087
4133
2216
1543
4944
4605
3602
224
5989
7664
8486
4164
3384
8379
8521
4239
371
2250
7418
2263
7617
9895
646
8098
1560
409
1201
2517
3385
656
5699
7225
1791
5511
4540
4794
8790
7698
1693
4683
7499
8176
2000
5899
721
380
2408
3856
1641
9209
8411
522
6
3824
9102
29
6749
3269
7326
4972
482
1992
5162
5746
2678
118
2386
6459
4054
2200
6430
9780
2945
8146
4056
7082
9471
6788
5214
5720
1053
8491
5357
7327
4597
7159
7640
2556
5493
3298
1776
5437
2154
7174
4516
6662
8765
9253
5457
7966
20
6305
977
1960
2806
5504
