2152
1163
390
7466
1571
9451
8754
2867
985
2803
934
5180
1965
4636
6682
9586
7487
2058
1934
5934
2006
4189
9614
9948
241
4990
5445
9592
2771
6739
6368
5838
2760
4775
4122
6491
4612
7051
8931
7070
7679
5045
9683
2568
1231
4928
7021
526
9637
2155
3352
563
8815
7040
2742
9232
81
7609
8122
4530
1877
2236
2825
4874
8154
879
282
5978
1880
2047
7173
1690
1210
4559
1337
5351
992
5695
1056
8523
9584
4930
3811
7748
1229
6813
3304
1595
6964
9219
8688
1259
5383
4913
2127
207
271
4586
4771
9776
4517
4680
1613
2442
6009
9104
5918
162
6675
4365
6125
4691
232
3458
6856
7406
4542
2141
9183
860
2864
35
827
584
6048
