958
2820
4073
9849
8494
8128
157
2331
5247
214
6946
3297
8450
8686
1832
6555
8195
9104
5934
4536
271
7996
6800
4122
4273
533
4028
8398
6310
1971
3778
6730
1335
2615
2695
3623
4841
2398
8333
8176
8104
2099
4503
8031
8703
8285
5625
7859
3729
7802
873
5324
5104
127
3626
8191
5069
1542
9730
3710
2493
498
5648
4157
4235
3751
4168
5722
5113
2968
5029
8182
7240
7957
4947
7765
8220
9971
5994
6472
2411
1125
7608
1629
5796
2003
8773
3396
5870
1434
3949
7229
9755
7856
5676
2803
4610
8988
8701
7275
4521
28
3266
52
5978
3910
6450
8886
822
6716
6329
1149
6369
1328
6150
2784
516
3495
9191
4699
9349
8526
1304
7586
7511
