4374
470
6893
6987
5630
22
416
2976
1902
3110
5405
5450
7568
5842
8970
8432
693
9167
4423
4379
3752
7813
6144
5834
9168
6905
1263
7824
6656
150
5245
6998
1836
9625
9856
4918
8631
155
264
9297
2136
369
6686
6004
8769
4873
6365
3643
9406
9271
3563
9614
4676
9452
6283
4427
7831
9503
6248
1832
4213
6686
4559
9495
4601
4806
3295
5255
8086
5251
5160
3827
3143
571
2473
3491
3060
3504
4241
9700
815
2295
4397
5190
836
4682
6894
4950
6298
6499
9225
563
1221
3793
1634
5429
9886
4086
9111
5820
7062
9508
4911
1714
725
6379
8477
8779
8903
8434
1524
6078
1383
8235
5434
8724
2269
9984
4615
2344
8689
8910
5886
7
9499
