8611
6141
5726
2725
8342
931
280
5390
8408
1031
6551
3746
9547
2198
2098
2141
1158
4284
8344
7039
6128
9542
9602
9905
1035
9258
9916
8877
3855
5120
5681
6530
497
6040
2184
1202
3483
5349
9190
5560
6418
4239
4209
7326
296
5667
5691
8301
8826
3573
1729
8958
6235
7434
6887
7610
8240
7856
1860
7277
1447
5919
6414
9418
3438
5835
6666
67
2456
8907
402
2600
6132
1553
1803
7456
1089
4058
8114
5669
2348
3211
9821
5228
6541
5440
1888
902
3995
5802
4220
6354
5298
8292
6488
9433
9460
5737
8597
7922
3021
8121
7279
3913
7229
4703
4760
9827
1148
83
9948
3309
9239
4279
8402
5878
8027
4814
7697
3447
5884
5308
8044
1480
2616
