9702
686
8932
9485
3029
7912
4498
1168
5782
6723
3765
7428
7430
8241
8629
4526
2818
6120
5541
1985
6522
7125
8690
8240
3127
3306
4739
3761
5542
9697
5895
3016
1347
9874
5298
6635
8041
3509
5708
1656
1529
4746
4437
3551
8210
9924
7221
1966
8035
5205
4354
6457
2025
7321
2740
729
8131
9716
7455
8621
3442
4117
2574
7169
8220
3947
749
6272
4862
2072
4684
3638
1634
6510
9038
7921
2118
4429
4766
384
932
6088
3151
9960
2523
6834
8856
6977
7195
266
5776
223
8086
6189
293
5356
7395
7889
1434
1969
3816
854
6483
7360
1973
1549
8040
8561
6779
7856
5649
5462
7873
1930
9352
317
8704
9831
8535
7884
8147
7867
9318
1313
9589
