9150
5689
5606
6166
6841
7416
782
5102
8669
5240
5730
1547
8953
379
8353
4691
4371
4849
5801
8124
4745
7116
8109
6554
5461
5
8015
713
85
5094
172
7504
8015
7992
4113
2344
4216
791
6328
5625
1727
7050
1758
8029
6
8351
1340
2528
597
4282
9637
9264
675
3870
7936
2864
3838
2979
3831
8604
362
3120
9207
5509
9765
9254
736
4829
3405
6084
6378
6793
1559
9118
6848
1581
6564
1785
8354
5355
1657
5602
6356
4550
8374
2540
9802
1110
5310
5036
4257
8701
6050
2567
9425
9911
8331
7877
1113
1112
7025
2743
8751
1449
7921
3400
6571
8157
9799
4291
3002
3821
253
1799
9646
2030
6807
3439
749
3477
3533
3892
5237
3328
2017
