8311
415
3084
2215
9014
3228
2455
3765
1133
2005
2928
9137
786
2776
6356
8645
7810
8229
5027
9988
9624
3104
6833
3918
8782
9458
4456
6805
5060
9309
5473
148
8976
1077
4139
602
6972
28
4926
7804
3648
6145
5323
3486
721
790
6644
9497
5645
7670
271
1894
4830
5163
5092
2287
2533
4759
8526
9470
3325
7672
7409
4719
1941
1144
2548
5155
1154
5341
1549
1916
5919
7749
124
3585
8199
4009
8029
8189
414
2873
8445
9018
4504
6709
1304
2129
30
3161
2604
2067
7336
8956
2676
8622
2989
3430
4147
3298
7348
1787
6953
2705
7687
3074
6576
7675
7527
914
2802
1815
3897
3800
6030
6780
2798
8028
5721
8874
8484
8537
3512
620
2295
