967
6030
6849
1825
5346
4776
6228
7058
6791
1259
7716
6105
1640
8242
4270
8081
9737
4927
9054
8790
2886
9279
4357
205
5293
313
6175
2906
7620
2299
3217
7846
4918
5972
6688
6143
7509
4648
9883
8775
3824
3923
1299
6485
5557
1862
3715
9898
6140
116
3972
6305
1289
2139
5622
604
6198
1460
8461
9557
3538
4019
1416
2021
1998
5515
5234
1117
1539
7819
4715
7795
7637
8598
7692
555
1837
6182
6469
6335
7200
3007
7435
4344
6774
3131
6464
4736
7454
376
8282
2242
5855
8386
1630
4880
8909
1973
8853
2918
2380
2001
6220
4842
6125
3510
2804
1120
6102
5730
413
5982
6425
6037
8420
6217
3740
2538
5388
6420
2716
4772
8572
2467
5037
