7957
1887
5379
7847
1912
9997
9122
2050
6540
6420
4442
3393
9256
6068
2933
4644
8518
627
6702
9246
2353
6112
2737
4575
8208
9346
2506
1757
5541
4236
8305
4786
1971
3257
4887
9449
7170
5507
2450
4201
6506
162
1146
135
8691
7687
3291
6665
8722
8077
858
4503
924
3495
421
2814
8787
6881
2412
8679
3411
5514
2105
3131
8440
6620
5240
8434
362
2893
9836
7094
6961
4627
8039
7092
9419
7120
4664
397
3052
8883
1157
6060
379
4394
7161
9472
5093
7868
166
3817
4149
3728
4546
2539
2639
2949
7181
1575
2256
7276
3620
8701
2113
4726
4084
7391
3322
7538
5542
7833
6729
3617
6590
5550
4781
6128
564
7291
7070
4398
8081
7240
6303
