4000
9473
5048
7605
150
7349
7493
4486
748
8055
5331
3483
6468
277
5287
4664
9081
3522
8311
8353
6663
1126
1806
9735
6284
3917
9928
3906
7538
9350
7556
4964
6999
6432
1288
5619
3796
409
2863
6767
3673
5023
3030
4288
991
2991
5829
645
4016
4145
4015
9309
3787
9760
5878
6702
774
2175
54
126
6779
377
9434
7207
806
4802
1314
6272
6875
7174
8503
6657
6542
583
5204
9125
5906
5316
7125
607
1016
2806
4467
9711
8875
939
1611
8090
2415
2164
4155
5165
2934
9773
2604
5631
3311
2757
4292
9090
725
774
9052
1610
7624
1738
539
3843
7999
4774
9869
3931
1187
685
9868
5134
8022
7917
1421
7517
7704
912
8339
1260
2236
