1700
1334
4527
5135
1775
8571
4399
5762
5624
4415
6902
6054
9818
9308
1074
8155
8141
182
1605
5932
3041
9283
5576
2793
5428
4716
4314
8952
8601
7524
5381
5301
3576
7922
921
596
4077
5089
5209
6879
6448
8910
9638
2303
7596
4446
8514
1081
5340
2890
7034
7420
9137
8860
9944
9087
7952
795
7753
2845
5448
3115
4958
2445
2113
8772
8388
3137
2126
9563
8364
5871
9401
5285
4710
7094
2779
6023
7336
1762
6427
1531
2285
5937
7859
691
7146
2673
3147
5516
4957
5213
6012
6385
5403
1324
8046
3952
1653
6198
2270
3602
4549
5432
7352
1636
2964
923
7403
2355
8810
2431
2126
3035
5715
9593
7674
5036
2739
7645
7054
8946
4640
7875
6446
