2998
1503
3069
8421
9808
4132
8326
5331
7113
6534
2123
81
3623
6243
7652
1392
9711
277
2560
416
869
5770
4919
4975
3420
4092
5214
438
8652
6553
2471
8283
4482
3409
8985
1943
4286
7580
8697
4829
3431
5800
3020
176
5569
9704
1045
1970
4390
1016
4816
7023
89
5450
2169
5493
7638
5872
328
2658
8167
2354
9723
3512
9109
6769
1452
3463
3373
3559
938
326
1182
1574
1535
2881
1513
5533
8267
1331
5396
3789
5302
1627
2506
3907
8931
5398
3828
6491
6004
5303
8767
2418
5913
5660
5478
7812
337
9306
433
8163
9064
6356
5237
6844
4876
213
1713
348
3423
3384
4307
1351
336
9165
5782
8582
6248
6399
8191
7343
1566
5302
5449
