225
7613
8686
1487
2928
4188
6666
7170
9695
4506
5569
8044
7712
5445
5896
4701
42
8414
7305
3449
1213
2342
4374
5300
3356
6876
5861
2236
1571
9353
3908
8532
8779
3226
4805
9496
1450
6556
1588
5092
7002
8540
2041
9804
7636
9537
9593
3125
2113
974
5547
971
7944
9154
2362
597
1506
2649
7719
5473
3932
2348
4534
990
2569
8725
6218
7775
6720
3317
9921
108
5699
4112
996
1647
9870
9107
558
937
4036
6598
8485
8127
2094
2119
2786
6758
7364
3676
9964
1519
6042
871
6055
3143
2971
5005
6925
9959
5268
3206
2322
8556
8402
5883
7771
2622
489
8494
9693
3585
6661
817
5355
1954
1965
8817
6336
8356
7204
3061
2275
1768
6214
