8155
2258
6659
8912
9690
1259
7258
8362
6710
4868
9694
6500
8381
7051
9799
8631
2304
3169
7505
4647
4122
1413
1885
9178
7373
2523
9691
2725
4318
3169
3622
6566
4664
6885
2678
3839
4370
1489
7783
3870
7652
9606
6181
8187
2148
2258
4540
3725
1569
7255
7209
4881
3409
5651
6436
548
9983
2092
7186
4920
3239
9847
9721
3554
9418
8287
6712
2004
6547
8299
5511
6418
2395
6441
2838
1367
4285
3730
1738
3543
9954
5225
1369
5409
4511
95
391
5702
4286
1609
6528
6242
5985
2300
7660
9953
570
8906
1228
8252
7440
4393
7678
5738
4585
1794
6909
8681
8244
9123
7720
2267
9473
2369
8408
1571
5488
3369
8200
3499
4444
7756
6127
9058
6875
