1376
8730
8424
4131
6041
5476
314
4998
5304
2326
785
4370
8687
3844
8478
6383
3762
4415
6732
5558
6516
1459
7978
4506
5738
1860
1118
2600
9181
3483
7315
6611
136
5876
728
8868
7932
6598
7490
7505
8253
3683
4761
9867
974
7277
8066
599
3414
6366
4736
3179
5766
7373
5327
7181
7826
7682
5315
8470
2823
6854
7711
401
3437
1387
2423
2856
3753
7167
2027
7133
4201
9098
3428
5715
8518
4898
2211
3309
8451
9496
6040
4791
9263
7742
3911
7036
2904
3156
9743
3135
8299
2735
8736
9017
3706
61
8567
4915
912
4432
447
5747
4342
7661
2735
7491
9177
9882
9927
1044
5476
3389
4936
8038
5890
1338
9616
8683
8548
9446
4833
458
6649
