6898
7142
3799
8461
9504
9357
2503
4155
4688
4164
2899
5833
3788
7426
5326
4724
8390
6774
659
8987
6110
3010
9544
4725
4333
2506
490
1770
6927
8624
5886
7623
4398
3635
4445
3193
2515
1533
3179
4746
3233
1718
3379
8130
4197
411
5605
3709
9648
2277
4418
2587
8246
6578
1026
9684
4851
6356
1732
2647
5026
9718
8676
1107
5962
9694
3794
807
6223
5363
9648
1074
3465
8881
8265
4544
8354
3847
8498
3764
2705
9114
1671
4703
9445
5435
8142
5067
6652
708
3585
9466
4278
9449
7683
4654
7491
998
3377
1722
1103
4997
9830
339
6616
2475
6051
6460
4293
6158
517
8047
5289
5549
1795
2580
9815
8944
3366
4412
8511
1936
7287
2312
977
