6546
3883
7052
6497
8346
7618
5048
9319
2256
11
9262
9543
7909
5117
2617
9934
8877
9669
4730
2625
1551
9482
3819
7805
1604
3070
1542
2243
618
3465
8585
5101
6307
9419
6031
1110
9271
9484
8549
8790
9751
7023
7035
4119
3559
7596
5283
2575
8780
3261
8348
7752
5636
9282
3942
5753
6364
6663
2281
6642
643
8130
6517
2348
9418
5550
6446
6130
688
8773
1
4749
2633
2677
7458
1723
6834
4285
2628
5096
3608
6559
9312
4323
2177
1681
4423
3817
2151
8970
1763
9864
4876
3486
8711
7106
589
1712
6390
1062
1352
4651
7685
2970
6415
3604
3389
9170
5603
4961
1035
2565
7881
9247
5625
7380
9891
6907
1891
3569
7198
8089
3202
832
1540
