3563
9429
6498
772
780
520
2199
4237
8112
3633
412
9864
5118
6643
3624
8343
2530
5656
1121
7219
9082
1556
6351
9778
2831
9590
297
3898
7711
8835
6967
7726
1292
6054
6993
6838
6643
8516
5308
4269
580
2651
1698
4368
237
6452
972
3959
2892
9316
702
1116
2702
5479
6281
9600
5286
1520
8241
9482
3551
103
108
8270
2232
418
5049
9237
5406
7573
5334
954
9579
3308
8736
7483
7797
7854
2115
7983
8526
7949
7466
934
6436
6678
1192
2790
1989
309
2265
3636
6567
6421
6377
1718
8259
9940
9433
2386
5704
2611
9191
7342
4462
118
4945
5209
7257
255
2562
700
4181
4958
856
5898
2496
4534
2668
921
4849
5798
3439
4074
6797
