1201
2631
9669
3098
1964
1826
8336
1648
3535
1919
1218
4239
1869
8158
5526
140
3636
3022
4244
5197
2082
9157
2009
5273
5842
2546
1226
7785
1688
4669
7958
3321
8906
8973
6810
4319
2096
3980
9970
6413
1596
1851
437
702
3464
1410
2867
8917
3865
302
762
2844
9284
4454
1481
8410
643
8066
6123
678
141
7946
2575
6628
1808
2911
2066
6071
916
5693
519
6168
5048
5433
2719
8780
1153
4879
6039
4724
4628
5374
4197
1431
7001
4145
3413
7795
4448
2730
9319
3036
9916
3698
8939
3113
1571
21
8156
6649
7478
3556
112
6748
2907
6810
3569
5324
959
3934
1935
1305
313
8089
3535
9349
8099
2345
7104
159
5850
8386
2912
7123
3420
