6117
9684
2312
1472
4058
4677
7369
4161
763
3958
9639
9665
2773
1006
7695
1320
5672
5820
6351
3922
1081
1427
7084
3236
2801
1955
5611
7003
3922
9854
1056
1874
8556
7618
9384
8951
7225
9021
6033
5130
1739
114
520
7480
1791
3951
1105
2246
2037
4030
7551
1711
8472
5251
6636
8703
8180
3568
1846
5383
8907
7634
4379
7382
6315
334
5732
7851
4797
9554
8240
3366
8220
6172
5685
5736
2052
7543
8810
1133
7918
3914
412
4952
1785
9949
1067
3173
8408
2597
3581
6172
9474
3196
7070
9259
5344
7042
2981
9418
2740
4394
4332
3619
5640
849
766
909
1981
4412
8309
5430
5832
3815
6212
2727
735
5138
6555
136
4863
4198
3922
9791
7330
