3727
4347
5254
3713
2031
8726
1470
3615
7154
1529
3216
5933
9338
9616
2458
8270
2491
1274
5577
4774
4585
5504
2976
5064
4543
7433
423
397
3148
1464
7282
6280
9421
5351
6172
8225
6315
8239
9465
6747
8086
1359
5543
7683
9077
7870
7229
2131
2905
3919
5520
6926
7042
1806
6949
5494
2190
7788
4023
2002
2070
8597
5236
9327
962
2020
3480
5977
845
3950
9969
2573
9162
6988
648
8770
4467
7646
5806
4746
442
2433
4835
7465
217
9375
16
2174
1705
4595
3790
3205
3451
3107
2998
7635
4506
9241
5902
623
2642
2716
1676
3327
5076
7683
6692
8618
7239
4793
9549
2132
3894
8426
8322
6699
6746
3865
3450
5500
4494
3101
1624
6835
8234
