1662
1708
7272
8827
8271
7658
1139
4438
2945
3308
2997
3737
1462
1346
4072
3642
8836
370
2029
1340
3992
1789
6543
7777
5276
1554
5036
3098
2830
5399
7473
887
9694
9045
8949
8444
8139
3341
8689
3654
6096
793
6778
4689
8231
5221
9268
9817
1183
4182
3178
6717
162
9373
4411
6190
3404
4320
4270
6409
888
5385
8597
7808
6372
1823
503
616
2407
3601
4517
5323
5800
47
1876
4041
1726
8471
7747
5386
4577
3623
7199
7651
2995
4252
1062
1941
601
9642
4315
2201
5350
7629
6460
9813
2081
265
2526
3962
8168
8327
6539
2972
9499
2718
7248
5731
3269
7214
8450
7708
3161
4779
8522
9420
6777
3249
5201
439
4928
5651
4427
2063
4329
