4707
7477
9384
10
3640
6333
8338
4980
7448
4227
5873
8374
7671
5514
4253
5240
8706
3733
6276
4793
2258
2495
9230
2175
9485
1211
1194
6374
3937
7657
2686
7404
3532
1941
4215
4806
6868
1696
6787
5019
8492
4573
4770
5215
5629
7239
921
8756
5157
3668
1765
6196
2224
901
2604
1055
7505
1779
3459
4097
7375
2979
2298
2509
3120
7111
8734
3207
9175
8101
1515
3293
3872
6904
437
5750
3842
4596
4564
7176
5438
6396
6648
6106
1796
6608
9852
7043
5626
3980
1343
5385
1395
4688
7944
1158
4568
9502
9003
2719
8562
5478
4447
9957
1521
3605
4907
7499
2776
1388
8382
8802
9045
5149
4515
9049
4576
9573
6797
4389
5460
1156
1291
2021
1710
