7983
8384
653
7625
6612
9825
3964
6114
193
3897
3483
2558
3114
3375
1635
6040
2134
6963
6100
270
5675
9963
7843
251
4089
1028
4817
7278
4828
2842
1928
4168
3910
3998
4659
11
5727
6320
6174
2000
9250
7377
8102
506
8199
9043
7665
9006
3690
1442
360
4522
1005
8982
2881
8396
5033
8425
7075
7101
9015
6065
1693
4777
5028
6830
2261
5366
9551
6497
3391
3872
5904
937
5162
3607
5180
2150
9675
8011
145
4392
7224
7407
1916
1649
4351
1500
9218
4256
8306
9119
2916
1654
2409
7854
2930
445
7954
3426
4953
1114
1156
3510
620
8395
1095
6842
4949
315
9355
2985
3786
6320
2488
139
5448
5287
1740
364
4782
4776
7703
6758
3460
