5699
1848
1637
1029
8977
5001
2482
3065
9067
9358
4284
7818
846
3731
1099
9591
1096
1061
1823
6981
9952
3359
5509
5548
6978
7205
2404
1281
4050
5535
7307
8834
2232
15
4194
3774
4526
9862
515
4013
8620
7441
2030
8288
2218
7330
2150
5223
87
9541
7748
5736
2861
3529
4827
6235
9969
9788
4406
4793
7236
771
2472
8353
6935
1591
4885
5607
4246
168
2017
4893
2700
2301
4117
640
4295
4315
440
1845
2825
2388
8006
655
7409
4219
4621
3342
5072
412
460
7897
1668
754
3248
2583
5559
3427
2736
4454
8341
5739
6442
9436
6990
2103
6219
8989
4520
4833
8549
206
7034
9269
9619
3358
396
4059
6724
8405
7220
5589
4179
7646
7362
