9002
8703
8412
2419
7650
1437
7048
4230
4220
5960
2112
848
9930
947
566
740
1096
623
9486
3792
4520
1621
58
716
4024
6899
8433
6927
7423
6250
9673
8628
8790
7038
1363
9681
9145
7006
7542
6198
5273
2652
5894
9326
6200
4343
8069
7521
3039
2531
7760
7986
6003
3958
8724
906
2204
7680
2793
8163
8796
8846
259
6994
1396
8981
4929
7407
7179
9973
7131
6868
3002
754
4727
2956
8957
3043
291
5237
1715
7257
4972
4339
6837
9297
9693
1834
3431
9789
4070
693
1516
1917
5727
4318
6927
8678
6049
5562
4387
7328
6983
1953
8015
6609
8778
3284
4468
1658
1639
606
4853
5897
6785
6949
7196
6207
4264
4251
4125
7748
637
1814
7158
