2520
3924
3517
7014
5475
5119
3726
2674
6967
1758
1527
2372
2924
3523
1756
2429
524
3003
6622
9655
8162
7496
909
946
1511
9781
3683
7640
9928
6465
4768
1021
5515
8982
6007
2406
8772
2014
1929
5465
1107
6722
8864
4913
8322
4659
6549
5368
3034
5792
3826
5173
3236
1671
7738
3487
2603
7845
4234
8593
2888
6545
7244
6595
4341
9143
8288
1327
5699
8092
6747
6173
2183
9153
6832
388
2798
8588
9675
4571
9122
2338
4007
6546
5512
2729
7082
8290
5639
5762
7385
5739
395
396
7983
6548
9703
3259
8450
3942
2490
7331
8073
4522
5364
4137
5751
5818
1138
4466
2142
5278
6076
9427
5794
2419
5118
2944
9629
8909
9723
5667
8254
5295
9565
