6791
2820
28
6962
7393
5897
1822
9049
9477
8461
794
1781
5235
5653
7063
3228
2175
8662
5283
5064
5946
5674
3276
8304
991
5820
2313
9559
4328
7934
6178
6439
6281
3683
9187
4235
4022
8602
2955
7085
4712
3159
148
7636
266
2878
2124
6371
2266
5526
6051
7993
4972
1364
2068
9540
8629
9087
2427
6923
5755
7874
2122
7467
8030
6589
1686
5961
6839
7554
7775
9457
8991
6247
2249
4842
4650
3121
4721
1785
4793
2045
3663
9744
1424
4316
3550
4549
4841
7750
2973
8027
3678
7526
1605
8303
8860
301
6731
7737
3862
1871
5509
2097
9921
6634
5469
8702
5643
4340
6362
6097
709
2993
5070
3318
6861
515
3959
9507
9147
1061
5207
8757
3318
