4772
9186
7261
6189
4128
6146
1664
2160
4925
3066
9151
9605
839
5007
1103
1223
8747
4806
9305
712
8181
844
6818
6550
4413
788
6054
6678
4293
6275
7679
4365
5350
4849
5385
3226
5537
7416
6237
6936
3293
7533
6029
5198
9650
6697
7986
8252
3970
7424
3016
901
635
2691
7160
7736
8104
183
9948
4392
9385
7230
7753
7080
9995
9784
1506
3352
7055
8258
1603
7981
4575
254
6856
9132
6259
390
9710
5048
8770
2196
5820
9710
5340
7112
6964
5891
1716
9724
2922
2949
5738
2700
9552
4447
5642
5268
3646
7713
8914
2568
9469
1170
7085
8876
5129
7941
9430
8159
9926
224
8953
2853
4198
3525
1627
9482
4569
2730
8484
5677
819
8043
7350
