4571
1300
891
3474
9800
6493
4126
6659
1898
7098
5335
8349
4944
6704
6315
5338
3794
3092
8467
3781
1323
9016
7260
7977
6370
403
4448
7216
399
9589
9226
3817
6154
4394
5581
1046
6052
5853
9712
1461
4382
4795
6019
7110
2298
4040
7858
1065
6928
9429
5886
8476
4215
9205
66
3008
6547
6464
4274
2633
5656
3313
9028
34
6373
1854
7880
3260
2590
369
3700
5181
5698
6359
6229
6041
2583
1364
3125
9946
8146
166
1081
602
1465
7346
9554
7093
4667
7297
6588
7125
343
4639
7471
3032
3286
2390
3921
534
5809
417
2118
1483
3424
9804
5226
4949
3899
8329
5848
1749
8985
2073
4900
464
3848
8243
4069
287
9586
1980
7327
5313
8986
