8567
6792
9186
1205
553
1493
2909
205
2554
3887
4108
5135
6635
1751
8196
2632
5658
8129
6783
5743
1671
1861
4497
6158
9261
8520
4773
1589
1517
4940
9431
3165
328
2652
2329
9283
6834
6394
9976
2332
7132
9126
7544
2237
5067
4862
5338
2440
7355
3607
9743
7110
1825
6425
948
4024
2644
8984
9723
8975
1805
3396
2132
1067
1673
1688
8922
8634
5267
2965
9856
8108
6889
7967
4410
6066
3508
7538
7149
1951
8802
7999
2766
141
7554
5451
8125
3007
4222
6588
6525
7982
4031
2864
3042
654
1834
193
3818
2848
7748
1181
4875
4167
5167
1331
9210
1410
8480
1442
6672
1495
6068
9107
9915
9531
9459
618
3436
3053
9518
877
9809
6501
3614
