7608
8861
9579
8014
2562
8344
4308
4719
4953
4124
9155
524
2898
8414
1540
9037
7642
1128
6607
7976
4176
3449
5764
9924
3105
3825
4324
6658
9573
3626
6290
6951
7683
5888
5086
357
8004
9467
6081
6262
6422
4693
8241
7273
9119
694
8098
5911
6144
9068
4927
5849
4113
4316
8168
4438
9957
6631
1693
8151
426
9827
3553
9598
3063
6865
6014
6548
6165
4179
9272
6463
5396
5408
5841
1963
2720
6364
910
1297
3998
1239
2135
8215
5698
2211
1631
7851
7145
7732
2937
2599
7231
1526
2325
1614
3494
5094
3524
8806
1615
8537
6556
8135
2652
6623
8860
2684
1133
5354
532
1747
664
7742
4227
5270
2352
5615
3320
1558
5372
1225
6703
9059
2484
