4345
3264
4401
2339
5201
7428
3877
9684
3364
3366
2905
7658
3811
8752
1067
8938
6556
3618
2653
5120
6320
7332
3436
124
4825
1791
8717
4142
9946
5413
7795
2652
1456
260
2511
803
2975
4132
223
956
7880
8104
7485
3422
9361
4852
5267
281
8944
6459
716
7941
6513
289
5158
8147
5618
9459
2010
4552
7288
9978
9137
1783
6290
5614
8469
8267
635
386
7065
5967
4523
913
2379
8587
443
1868
5669
2861
6388
2707
3873
8928
6798
1687
4640
8737
237
6016
5786
8852
7039
6996
2383
8330
4595
8049
7000
4190
6907
9214
8737
782
9651
483
7848
8308
3286
5473
5905
392
7723
6193
955
8765
1027
4737
1067
5642
3392
9624
5262
6054
1971
