3780
5879
5236
6466
5251
8835
4984
409
6559
6549
9029
1277
2604
4058
4296
5941
6696
3637
5491
5695
233
7107
8097
403
6583
40
6478
5178
6909
6003
3024
3967
2894
5175
2844
5548
5945
7197
286
8866
3816
7956
1598
4622
8101
7745
5371
2802
763
9606
851
7864
2459
1650
4161
8985
5653
1422
7941
7940
6355
638
1624
9546
2333
5835
3571
9835
8580
1328
3353
1321
5911
7316
1629
8112
8631
246
6548
5742
3146
2393
3532
980
4916
5070
5351
1174
5554
9386
3303
8332
3266
5842
8907
6117
8820
6013
4757
4944
6566
650
7225
1617
7029
3307
9006
555
1215
4506
4842
259
7559
1993
8350
8472
4860
6086
9786
2151
3871
1409
9943
6794
4387
