2535
6472
8786
3254
8204
7350
5185
1168
4381
1666
4633
6497
3618
4616
4634
305
6790
5213
329
93
3458
7129
369
7206
7685
9218
9881
6167
3427
7496
4946
4659
2741
7570
7874
605
3289
9360
3323
4893
6199
3789
9901
8340
7994
2584
6537
6648
8869
5273
1822
1802
2458
5762
7936
2832
2993
8456
4408
7308
1585
3540
1998
3784
2396
9913
9943
1764
3241
628
6557
2856
6693
1524
3928
2671
1692
3406
8279
1031
6288
5804
6191
1688
9507
906
6168
5715
5616
3036
8840
4189
7142
6037
1428
7745
4058
6760
8916
3129
3623
5531
3187
7781
1328
929
6700
2366
1533
9119
6252
380
6599
6182
5123
2343
466
2261
5672
9915
2048
2739
7010
1840
6987
