9931
1138
2792
2148
6172
8187
1688
9862
983
5545
7519
500
3281
6161
2607
2102
6838
9784
3577
6771
2325
8762
4765
372
2019
8894
5634
8500
6677
7663
3427
7658
7563
6715
8869
5827
1678
1895
5965
6115
725
9950
6937
9332
8161
4413
9660
8918
1003
9849
4001
7015
994
9328
5104
58
698
8665
3639
7808
1111
7499
4487
6271
4089
3837
5104
1376
4513
8811
1695
1469
4818
5713
9087
8712
665
6693
582
2902
8453
5870
6528
7554
1745
3235
6018
1001
6287
3447
7971
2636
8073
5695
758
1523
6620
5569
5130
8645
4576
7517
196
4991
1162
7554
4229
8455
4076
2305
8795
3906
3567
4568
1151
9538
5618
9059
5151
4082
5988
458
426
3074
8478
