2088
3279
8674
4291
9095
4331
3393
5089
2381
8135
2246
2533
5062
8226
5360
6133
9320
1107
72
8553
5364
6697
1576
5267
3954
1763
3463
9819
3650
7353
9864
7144
2557
646
4916
5824
4655
7203
777
2155
2245
9504
8111
5905
1004
5070
7773
513
7402
5380
9831
3659
2204
9778
3667
4715
3503
3502
6049
7404
9915
3769
9539
3096
9920
7179
1025
5029
4968
7949
4987
953
2223
6867
7365
160
2121
4419
3531
4706
4466
3532
2002
1046
6999
5179
9199
3897
5955
6423
1304
8178
6462
77
7276
5050
2828
3072
4747
1817
4317
2630
1140
3286
2336
7790
7894
8299
4116
3236
5580
4226
922
90
4925
2091
6722
4547
1479
9564
1120
4489
2025
6519
1721
