4297
6653
9161
3534
8460
4669
5685
8188
3
1445
16
68
2760
7726
702
553
6952
6264
6426
3780
4600
9212
54
879
646
4716
1662
1564
8490
3598
6161
150
9139
508
9299
7008
7597
108
753
4050
8131
2059
119
2615
4371
821
5469
5568
6753
105
7039
187
9891
5847
3333
5563
8954
2871
7085
6982
7174
1551
4946
1561
9177
9471
782
1511
7
2079
4405
9062
1999
9928
6448
2176
5221
4067
8103
2932
4681
229
5240
9634
124
9461
5576
6123
1634
5645
1246
7855
4302
3954
2197
4335
9115
2810
1915
3429
2044
3464
6003
8205
9885
7028
5600
3092
7337
2820
9043
2348
3235
9694
5985
2414
3183
8905
5734
740
8173
3930
5497
7192
993
