1616
6561
3622
6472
952
5222
7441
1882
5707
9425
3728
5462
7530
7796
5753
1699
1783
7174
5068
7917
4591
8713
567
3410
6678
5687
119
1602
1103
6110
2745
4685
6027
4798
5369
9688
7440
3434
6165
2321
7169
8051
6001
606
7730
5999
728
2809
1668
7845
9973
1033
5057
4334
5707
120
2396
8391
5044
6709
9985
733
5157
7555
6629
4033
7515
3463
1775
7596
1746
2190
6228
4818
9832
5304
9694
1527
8696
4061
7961
5798
2296
8555
1365
6446
8198
5911
6452
8323
3927
5670
600
4457
1594
7085
8215
7729
9398
7816
6690
9914
8632
4971
3819
8986
7048
1442
5441
9683
4269
8090
1875
5727
6273
4721
7901
7808
2274
8531
3903
8127
1597
3986
2284
