1086
168
8468
8713
7203
8357
2732
7124
1494
4387
4788
6641
5824
8446
4737
2338
868
2259
5300
6487
8591
5278
5565
4351
933
910
5259
8393
7750
4462
2228
6081
9519
6803
1615
7043
8618
2553
9308
6347
7127
7985
1594
5591
2641
612
6955
6034
3931
8969
5577
8887
5276
2041
9881
7786
4068
639
2760
2327
1935
8664
8008
2721
683
6664
8170
1633
56
3532
9760
7498
107
4765
9883
1856
3701
186
5557
2372
7167
8996
8719
4400
825
6033
9789
6368
661
2270
6827
6851
236
2691
1332
4280
3245
2702
84
5387
1406
9731
804
3851
9426
4801
1809
7861
2233
7696
923
8597
4500
5199
6232
8947
9176
6838
118
3734
2511
7222
6175
9651
3367
