3774
2209
7228
5273
5590
4435
3577
9280
8180
6548
4864
1446
9087
27
9890
574
633
7703
4792
7087
1104
8553
1472
7852
8348
1608
2637
566
3584
5061
1518
7072
2109
4401
3942
7561
6498
4461
5247
3483
1881
3525
7545
925
4763
8683
8504
1744
3324
690
9772
4006
9250
6360
3459
4300
1449
9128
8206
8512
6855
7606
3469
8103
7021
6121
5710
6044
7797
4532
3962
8242
6025
985
5381
5154
9116
5710
8267
9455
5567
3356
5055
9913
1112
2364
7926
4299
5742
5671
6998
9639
8491
6461
6490
2858
9586
9365
5956
6534
920
8293
5769
993
4424
6084
6191
5861
3871
8576
827
913
4445
679
3129
123
7336
7956
967
2851
3877
1521
1598
7247
2567
