8068
715
2083
1375
1031
42
9960
5806
9366
6610
5930
5745
8809
5249
8529
8776
2885
993
8993
5674
4263
6429
122
7747
9668
6458
7642
8332
3602
1616
9694
3818
4910
6541
9222
6531
582
9550
1508
4499
8124
9315
9686
8781
8023
2347
7846
6262
7459
4484
1929
1210
6580
2448
8494
9591
9333
1445
3524
5302
7855
1985
3208
1597
1913
9550
2913
5051
5372
6721
8554
9700
8138
3364
7544
1132
780
3147
4254
1229
2321
984
1209
2801
746
4751
3693
6654
5849
3058
9440
6115
4401
9429
8937
5968
1421
9359
7017
3885
3425
4318
7447
846
8940
3396
823
2137
8652
8100
6262
4083
3557
3450
3484
9938
7064
9427
4718
7508
1796
2142
912
9680
5971
