1699
2899
6413
2538
5920
8401
735
5757
3343
2241
2799
4582
7371
2970
767
1689
3526
7353
7629
454
377
5895
3559
4956
4701
3731
1730
6315
2248
1716
5518
9125
6634
7897
8860
1530
7417
7916
7172
4459
6952
3426
3741
8632
4674
9688
3155
9081
4387
89
4178
3801
2724
1798
4066
8022
507
161
3694
6303
3494
2950
4312
4699
4004
4260
9462
7867
1039
5682
7009
9829
158
2605
5070
5416
5225
5301
6895
9627
1936
6239
4146
4263
1162
4023
3932
408
8999
5028
2685
1981
8872
8176
3371
8873
5798
9459
1539
8677
5795
3638
8113
1373
3133
5647
4707
3082
4877
6057
7950
1300
400
8358
4381
35
3515
1271
4306
1292
9141
7572
7130
2044
809
