6758
9614
9596
585
8109
8238
2601
6992
8720
1422
9183
2841
5142
7277
7280
4456
5569
9247
8125
3232
4733
9700
3094
5907
289
2978
8182
501
8686
8905
9474
8918
2140
5180
7337
7268
9623
4458
1225
337
5594
7825
8228
5587
6372
1378
4252
1672
2748
3741
2812
312
6220
8078
3057
6328
699
4286
470
3173
6280
4670
6642
1697
2819
696
2183
7123
7711
2536
1625
659
2326
1621
574
7138
1845
3684
193
7280
1668
6046
5856
2795
274
2459
5888
6859
7775
4831
673
7845
692
842
5328
4174
4647
3934
1229
9920
4431
5856
4806
3728
6664
4864
9814
1285
1377
2736
895
575
7977
9940
5376
6657
354
4967
4850
4643
2327
7258
3025
2895
4525
