8839
2490
181
6348
5646
3127
4908
5005
8092
3224
5763
9995
9361
1676
3297
359
3523
2383
8224
4403
9731
6586
1485
4705
7444
6742
2707
5280
6386
30
4256
5592
5613
2621
6685
4902
4027
4817
9783
4657
437
1055
6903
5500
9349
1952
6582
89
7681
3975
3327
4051
1105
6116
3630
3288
5981
6855
6955
6216
7339
5735
9669
6672
6493
9319
8797
3713
3164
3322
7118
8846
1991
7683
7970
1439
1600
5214
3411
9735
6417
2006
2860
6633
9836
7888
3863
4282
3535
9580
482
1795
7757
1133
4945
2245
5231
9184
7832
6139
7038
1122
7063
1142
8294
5530
9377
1519
8117
4851
3526
9490
5161
7871
1578
4862
92
8068
5854
16
7201
4540
9300
6933
4038
