5238
5743
4096
1659
3094
823
4104
9630
8666
7421
1475
4869
5568
6631
7001
3316
5273
2810
4725
9532
9560
6058
8843
4630
6029
1503
7609
5417
5436
7186
8365
3761
93
8311
3892
9394
3870
8866
1031
3920
5077
8438
1754
4873
91
1020
2558
2097
1927
458
4833
9634
6249
5009
3569
1786
9788
990
5378
5938
1507
1867
6166
5482
2283
1461
5057
8565
4157
1360
5302
3776
2093
8322
8557
8226
6038
8366
9321
4552
3213
687
7858
2251
5004
6619
6450
4371
8288
2653
6252
9207
1598
3123
4851
3690
625
5773
6317
8976
3699
3181
2810
8854
6801
4278
518
2651
96
9484
9220
8360
5754
5570
8704
4330
3452
1732
5935
7117
85
9048
7838
8437
211
