7645
9210
189
728
7669
7793
9562
949
2096
1224
4726
7234
6418
9944
6323
8915
7327
2841
3432
2514
8835
4655
1254
9893
6530
5652
9104
9547
7480
9585
9569
3266
9796
6229
9336
4421
6574
7798
6225
5121
6662
5401
2952
9441
8464
7525
8339
6921
24
7186
903
6381
7809
1740
14
8421
4988
6477
532
8778
2356
5755
1822
5627
8004
1968
3739
9875
2704
8616
7951
6936
2435
3285
8903
2804
2534
7074
6093
5264
8687
3539
7209
4493
6327
3283
3895
913
8461
9858
9998
6174
3341
2254
2122
1122
7465
4176
9238
5474
4696
6562
3592
3622
2403
22
2374
7648
5216
4912
4032
7203
4435
5176
2698
7574
2465
2333
489
9631
375
94
9626
3909
8663
