217
6682
3184
4110
2018
1055
2840
5275
8354
5136
6513
4979
8371
7207
3009
380
3709
5238
281
7568
9080
7723
4438
6510
1777
73
1823
649
5547
8539
6912
1303
3704
5902
7179
7430
2423
6912
2560
8766
229
4263
5067
3687
8844
3800
3731
7827
382
4177
2494
3384
9322
5931
2810
6508
171
587
5647
765
7537
4623
8439
6903
1646
9453
8443
8724
7823
4749
1653
7448
8485
1008
9898
6751
4631
7006
3882
4753
691
5616
3801
6528
6434
1773
6677
6201
1995
52
4666
4898
5915
2326
8849
1851
659
5053
2844
1880
9622
5103
8811
1471
1874
8453
1940
9968
1373
3090
8622
8192
5984
6102
4270
9446
4823
2856
9549
4413
5868
7372
7164
5595
3957
