4964
6789
1112
3091
3740
6619
3605
6880
5481
7809
5014
6861
5059
9327
8019
6284
5023
6113
6623
4011
8839
1246
4152
6305
9917
8933
8780
3743
7510
1759
8512
9590
3809
7330
5822
349
9403
6397
8055
2065
5524
5913
9157
4939
335
3681
5381
638
4881
7519
377
7385
6008
9000
9564
6694
7817
3661
6638
9395
4412
2127
7280
14
4144
5338
1392
4818
8044
9734
9076
7752
866
2814
4208
4754
4605
6327
6890
3909
6263
7205
1425
8035
7490
4580
311
8424
9969
8238
484
548
7145
8543
9329
8036
7903
1189
5579
1169
3621
4968
8671
4509
2306
7356
6409
4136
5080
1474
2107
7773
1610
4558
7116
1393
9981
596
2789
1898
4690
9803
229
9436
7323
