9991
4300
9170
7081
4382
6109
6586
9518
6999
7785
9413
5787
9096
4892
4839
3248
7931
9411
9226
3111
4706
4691
2541
8966
307
377
4544
4072
8573
3708
1826
3112
9669
6679
6328
7280
1531
3757
4922
2381
9174
6637
469
3239
4126
1366
8981
3142
4215
4394
8816
4468
1523
3686
5105
4561
2693
5168
442
9833
6709
3433
9399
7313
9666
2239
6508
835
9374
2288
2195
3716
7208
8457
3158
3452
9713
2626
5743
2580
6289
3204
2012
2844
5249
8393
9754
4787
418
6259
149
6598
4100
3046
6138
8762
9006
9502
9104
7155
8815
9560
949
5863
2512
466
6260
2021
367
4744
347
5149
5836
4317
2993
4488
3706
9899
4004
5009
4518
7249
8588
9854
81
