8410
2240
7630
9090
8944
5923
490
427
8353
185
7633
1625
8566
4381
8181
8700
2599
7351
6648
5745
7845
2531
9814
3049
9763
9837
8015
4166
296
9970
2145
8645
9625
9860
3307
740
6740
7117
3469
8651
7406
1081
6178
4655
6547
4550
9415
7375
5023
4355
3433
7645
9797
4669
4538
5142
1375
3286
6249
3587
6804
3846
3653
9627
6183
2
8710
5613
8525
7362
7518
9962
7472
8000
8649
9030
4838
5781
2248
6454
3401
199
5135
9094
7634
4686
6651
3526
6404
4086
1693
5940
9459
465
3514
9932
6356
4109
9034
9475
4319
4022
2459
2678
1445
6022
3188
5719
5775
740
6240
1426
2207
8157
9436
7708
3195
4175
2686
4163
1318
7867
8032
8798
833
