1268
2720
8001
3739
6422
1851
2256
6182
1966
9731
5795
7059
873
4573
8920
7943
761
6950
3104
4116
4116
8497
9405
2472
382
5467
2391
3093
8976
9048
9924
1054
9560
696
4976
6704
9562
8061
4475
5704
3680
4377
5082
6484
6472
545
8236
3055
3156
4467
5894
301
9359
1946
2432
7469
7814
1802
8962
5752
1539
9326
592
4000
1559
9580
9536
4686
6347
4907
8037
3678
1393
9939
2531
8750
8478
5215
9395
9082
5603
8538
1847
5688
7611
6296
5318
8738
8890
3583
7994
7475
3468
8901
6326
4992
7525
3351
7427
3715
1561
171
1719
1074
3071
340
1989
8414
2688
4158
4256
6812
7644
5121
9364
2344
6654
7757
7853
7306
3118
7191
4586
4637
5407
