256
3534
2993
7053
232
460
7311
2637
6801
8812
655
9548
5462
8411
1335
9378
7999
9436
5429
3344
4674
9870
8994
6466
8122
9659
8978
2350
9531
6685
8823
9035
9118
7092
9131
1393
4931
9672
3594
7673
7242
4428
5794
1348
8141
5372
500
6523
4817
7065
3014
1578
2252
9910
7500
7048
1476
8627
4216
3078
8374
1433
5281
6548
7519
8966
6949
2554
2746
4829
6376
9742
115
7359
2623
417
2398
9275
8672
3618
7737
2814
5947
4889
1624
715
1515
1559
1071
7351
8658
8043
3560
8731
1819
3183
9275
9279
3421
4944
8424
2438
7069
6499
7829
1981
2367
5194
7246
4903
5082
7019
6189
5771
4266
7766
7005
962
9258
4643
6061
5224
912
4325
8704
