7564
9152
9400
6435
734
3338
4750
6765
3845
9776
1607
1970
1618
1559
9338
6968
7167
8228
5972
4939
4682
162
9108
5658
1441
7648
1207
9725
5699
3095
2377
6880
7134
739
8619
9704
992
9864
4273
9033
9577
6687
8572
5729
7717
2830
6890
1769
8842
5611
3722
684
3553
2800
4232
7766
9130
6034
8296
1772
9515
1431
1299
937
7993
1009
8237
2623
3767
4176
776
4782
1017
4607
6400
3035
5379
6105
4971
8453
8265
5389
7034
248
828
1883
6096
7044
1077
1359
5669
2678
2052
7152
7799
2946
367
2692
5414
5658
4074
1402
523
1166
1039
4253
2040
142
3529
2306
7082
4681
4153
7438
9774
243
5715
4914
3197
8380
7393
2871
1196
7966
1259
