668
2807
6119
7389
3091
4842
7635
6738
837
6696
142
9688
1635
6534
4721
6521
3443
1187
2698
3603
4200
3409
5210
7451
5248
2739
4476
7609
7330
9087
1330
6197
8575
7636
5971
5436
6979
8156
4590
4554
1634
5844
7950
82
1387
6367
7335
3837
3388
9217
7044
9639
4179
8502
43
9639
5064
6820
5024
6057
447
513
1618
236
8262
5397
4839
9037
3217
3934
9855
6330
4821
7041
2724
2464
3445
9052
3218
1906
582
2560
8733
9239
3747
7702
2010
6606
108
9505
2530
6093
482
4221
2201
4959
9973
4377
5640
3346
3433
4505
1658
7458
5510
9284
9484
7941
28
7443
1315
1884
78
3202
8284
8839
6889
7069
6778
151
1733
9439
3169
2276
4808
