2582
6900
6385
5930
4821
2025
1877
6076
7879
7340
9190
8257
6016
2338
3447
4216
4301
3194
7778
2787
1799
6918
2338
359
3955
2417
2229
5254
486
7072
2232
3392
5850
1138
1632
4730
5687
1129
2857
7735
8147
5966
3578
4445
385
9810
4011
3367
7851
6250
4559
1934
8871
6843
2521
2254
8247
2010
7286
7306
494
8224
884
6919
1094
2878
3107
713
4131
7239
5585
5026
7688
4258
4443
8676
8599
562
1345
3529
716
493
9087
4701
7654
9970
2266
9902
7123
2403
7562
9205
415
6046
9610
5568
8066
7540
7916
1149
6765
9109
9976
3924
4668
3490
2895
5341
9691
6466
7266
6825
1041
9506
710
6589
524
5643
7917
5673
6637
2956
4138
5661
6204
