6173
4479
5880
6779
8057
3948
4075
9608
1674
1118
6483
6116
9755
9422
3645
4343
5826
9355
2322
6739
631
7571
5387
2883
4296
5957
4401
623
6115
9111
3998
989
2176
7930
3994
6891
8558
24
6449
6321
996
9935
4654
6552
5361
1219
6796
3641
6270
7831
9836
899
8401
7237
6264
6638
9965
9401
5148
4073
9191
9351
9026
2075
4984
7364
460
8005
4103
114
4664
2503
628
4165
9697
8224
9434
5807
9797
9659
9481
2209
2631
444
8008
9572
460
1053
2645
7105
5253
456
7738
1217
6199
6812
8277
6566
2549
1084
4828
8836
9667
9192
4359
2349
4604
6615
2200
3855
2141
7928
9602
5823
5428
3904
6488
9736
8564
7201
3939
91
3055
5001
4973
