8973
4984
1425
206
5236
6123
7026
5568
4045
3487
6484
3841
8890
5759
7308
1422
6734
6349
9577
9602
3174
7983
946
3418
5708
2160
6304
9953
3749
6909
6643
3732
377
7197
7350
8967
6977
5311
8594
6408
1997
2974
5945
5427
662
8432
2249
9659
4931
4787
8498
5238
9044
4439
8486
3380
7777
1492
9682
5982
3849
6796
7336
6648
7634
9380
6360
1864
5756
149
6898
8220
2339
2197
8244
8362
4998
8911
4084
5815
7239
6571
9868
4603
3887
1992
7951
7272
9793
9066
579
8735
4841
8053
3298
9714
3923
2167
8192
2550
24
6249
5104
1851
2691
1037
2778
3395
3153
8703
3693
4230
7614
8448
340
4962
7613
1015
5840
5590
842
6660
5532
7184
4422
