8965
4428
738
75
1474
1559
7529
7508
3653
3970
1147
7413
840
7649
1949
8183
5777
4888
4938
2065
5088
1970
6979
4591
1657
247
639
691
3615
3706
5221
9841
4628
818
9423
3545
2946
2712
7568
9233
3051
3179
1226
4259
3615
9994
9314
5090
9193
2213
5252
9030
360
1083
2799
5099
8199
3059
3494
2946
9685
8847
4825
5544
8056
9012
7542
4369
9036
2328
3135
5998
3502
6750
1334
2863
9746
4735
9447
6334
783
830
6475
4350
2643
3408
9042
4723
8578
6340
7256
9300
1448
7975
8741
1041
3232
6550
6983
7859
5036
4086
5016
7202
3966
2567
1862
7573
5156
7038
9151
1482
1539
4119
7972
8883
1648
4011
8358
4720
3902
1881
6645
5086
6035
