964
1189
73
7290
5593
3912
9451
2140
9299
4721
9503
1971
7065
4395
8588
2157
9243
615
2763
6681
2255
5002
2363
4305
9033
103
92
5150
5551
237
7517
964
5856
2714
9661
8836
853
1981
8263
8600
567
8340
3126
5926
7144
3045
8968
3927
1840
8934
5407
3193
676
9433
7607
6171
6372
2060
6570
9560
3797
7677
8851
8036
2369
6758
2280
7955
1051
3444
5214
1520
7998
60
3189
3227
3566
9485
7871
4821
8244
4762
5648
18
3018
1415
8442
2259
6231
8605
4148
6326
9740
7566
9662
9419
5062
5704
5280
6547
7420
9046
3398
8942
259
386
1312
1775
197
5661
1927
1761
3155
4572
151
8366
6088
4702
2798
5336
921
3955
1724
4338
3693
