4013
1250
5019
1159
6290
5206
9092
6517
1267
7517
9277
8551
7538
5743
2232
7833
2757
6011
6160
9200
6464
9547
7883
1556
7583
2501
1195
936
2778
3176
3905
7544
7251
9850
8012
7979
5607
3386
418
3375
6386
129
5506
1456
2530
4194
5048
3090
1013
276
743
9907
7730
3527
7661
5062
3456
9789
520
7594
2623
2936
1685
1305
9537
8187
9431
8457
2769
7630
8139
3976
9395
4806
9029
6381
1671
6251
6674
8517
2366
8841
8030
4576
4241
3613
8741
5647
1127
6683
5017
7312
6331
3878
5344
1947
2678
4068
3469
2936
1964
4521
4890
6469
4170
9502
9794
2812
8379
1542
9261
618
9054
7793
6659
102
7607
7177
9298
8019
4894
1882
9917
673
3802
