4248
2401
434
1395
8208
3351
3739
4366
4054
1342
6631
9248
1898
3587
6290
1788
8160
3261
9408
4248
8721
4027
9074
1330
5008
7645
6797
3095
8412
3490
7548
9994
2509
81
3335
7418
7496
349
6906
2221
1552
176
2765
2
2382
9391
2479
7233
4737
6195
2910
8708
2002
5164
5230
5950
4510
9228
8287
2378
4731
4746
8869
5589
578
7236
4067
5593
5710
1210
5196
229
969
789
1842
3713
6350
7327
2600
1206
8928
8840
5096
7140
7578
6781
9591
9832
7345
7162
6685
9857
3688
5452
3614
6989
6243
4904
9638
7768
8739
5841
4350
8014
9787
2707
3059
1964
4634
8884
3481
1441
4844
4018
2426
4425
2730
9842
5218
6423
2567
2105
1590
2891
8405
