6248
3817
74
9168
922
2630
9125
231
6604
5185
3543
6428
2353
9231
1654
746
3625
4370
5935
5266
3729
2363
7082
798
671
9322
1825
3435
9408
573
1117
4225
9024
8852
6815
4085
7817
1878
4606
9086
2427
3079
2523
4655
6296
1890
8074
9514
1421
1954
9088
8318
1672
8061
2432
79
1019
6878
3632
4299
4712
5281
9438
8934
210
2471
5754
2378
917
1235
1756
411
938
6821
9275
8603
9144
1648
4092
7783
8094
8322
451
3940
8278
9093
456
9183
8001
7417
4964
2338
4233
1175
4531
6407
4472
1037
9704
1619
9288
3433
3897
5253
9677
5284
2986
4481
671
8990
5607
616
1564
6311
1751
4472
7512
5156
1241
1391
4108
2168
5209
9220
9919
