9705
1675
3841
1948
9130
111
558
6398
9345
1432
6933
1527
1462
6698
6117
6876
9282
9051
7742
7374
2260
7757
706
1740
1153
3004
5316
2507
3623
406
6130
4816
6590
1494
2596
4218
6170
9647
6185
5518
7506
5466
5798
75
9528
3237
310
5755
4738
5827
558
405
5495
1008
5058
576
8460
3661
6786
4706
5048
8685
3413
6626
4100
5285
3355
9527
9828
6954
1221
3546
8910
1257
4826
3831
9348
3757
1252
7522
5922
6785
4948
5373
2383
9402
4615
465
4746
2452
451
391
1396
9356
1880
2187
4990
1466
2718
4334
8130
8357
516
1812
6126
836
8954
6128
4795
358
4210
6681
4296
4629
8379
3428
3773
3345
986
6685
1964
6708
7685
6485
2680
