4495
128
2649
7973
7556
3108
8438
2448
5601
8648
2602
1294
2519
7301
509
9480
1959
6860
306
3412
7707
9162
9815
6246
4712
5641
891
2653
718
563
3000
7813
4648
8696
5721
6784
8078
5047
4771
7550
3029
6489
2735
7332
6490
5558
1276
6698
1093
9604
6798
5568
6307
7327
1298
2465
7217
4245
3001
5814
4725
3785
8410
5922
978
684
5682
2939
7794
1694
658
4500
9319
8929
6718
1372
5416
6611
9763
9745
448
60
2651
1194
2634
2425
2074
2447
2626
4479
5762
259
3813
1456
9482
2951
1631
3210
9749
2208
5015
5299
8438
853
6434
7402
389
9425
3835
580
963
1115
5072
1251
4657
8288
971
1407
5709
4203
1146
7822
4357
3965
8908
