3889
4032
4172
2963
7403
260
1910
9995
9878
2068
8179
7510
6648
6296
960
2078
168
1263
3085
7237
9603
2920
5883
5435
4818
6674
6815
7492
566
9949
6287
13
6462
7223
6517
9155
1620
1674
6817
195
4818
159
1606
3303
4020
3703
2863
4021
3630
6595
2096
5397
4385
3663
7842
8750
7911
9206
9530
4094
6972
4065
2712
5470
3964
395
3933
2927
9519
9955
4905
254
8293
1693
7674
667
2446
5822
1983
2491
5561
9242
9514
9791
908
9675
8240
1846
605
7309
6199
205
1994
5139
5073
7382
580
5107
5644
8669
8043
4265
943
8799
9745
5872
5239
7366
6616
6426
8320
6444
9155
1920
3263
6483
5338
4949
5115
3769
1601
2077
8598
451
706
