9378
9412
715
7930
7231
7249
4179
4163
782
7831
6472
5435
9521
3880
6514
5408
3874
6144
9529
8077
7198
6168
721
9028
9698
8640
7832
563
286
7961
7060
3308
8779
4954
6949
8782
5700
7250
5147
5129
4852
8714
4674
9774
2922
664
5030
7346
9150
2707
8851
3295
9504
194
2810
5152
9659
1689
9176
6127
5238
4410
542
4868
4850
6741
7350
9485
8450
9049
3995
100
6390
458
387
3233
5254
8450
851
2000
2642
4438
6522
4466
3950
6881
1931
7401
4721
5198
6686
5758
4130
2002
8092
7205
4300
4906
2289
57
1816
2168
7798
307
3051
6971
4788
3139
7829
9113
4351
9290
177
4644
1242
6599
6177
5636
488
1662
7817
3110
80
8154
9841
