8993
4053
8470
5450
4739
74
4419
3062
4146
3250
2774
497
9129
9583
8296
4472
7267
2943
5444
4236
5975
4300
6571
8540
4454
2996
9633
4701
1590
3948
2166
5478
4625
1578
3391
3736
6730
1882
7368
931
5655
650
8132
9034
3127
4900
5755
9554
3576
3769
6069
2307
3944
4700
6058
3663
5561
9613
8238
9111
700
8676
3977
2604
9079
4343
5217
1402
9826
4551
7335
5781
9685
9944
591
9143
4077
6973
6714
5374
9751
3564
6270
2017
9387
9988
4607
1928
828
3110
5163
4113
7889
6987
7105
6460
7407
1571
3407
9479
1552
7896
9489
4003
2438
4123
1654
902
5981
2123
9410
6345
4279
6132
8110
5622
2685
1751
3407
5631
4107
6362
2962
4170
6613
