2745
9695
2106
1847
8502
1574
6131
9656
5988
7598
6088
2488
4909
6590
5775
9407
5562
2131
1839
850
5501
8028
5912
7947
449
5173
2982
3982
6245
5983
1077
2322
1257
6025
1214
8605
1389
186
648
4576
2965
7975
621
3724
6686
3525
1295
6493
7558
6968
9772
8696
7921
7307
3937
9322
136
6958
17
947
5611
9216
2448
284
6782
3065
23
9816
6716
6841
215
3586
8776
3568
8930
6656
851
7987
2050
6400
2686
232
604
973
4087
3548
980
6940
1433
216
9191
3250
931
1189
1259
4400
1614
6240
6380
376
3057
4682
4427
1479
6353
5144
5445
8784
5463
6016
3197
8350
1505
1725
5345
373
2916
7420
1674
3552
5524
7012
1405
1249
7466
