5146
9907
7098
8029
2407
9861
7781
5908
5975
5184
5629
9092
8978
8598
8415
5786
3948
1401
2183
5926
7898
7698
2193
7202
2158
5343
3907
2978
4357
9871
8222
4635
1327
2592
5596
1971
7040
5813
4816
8249
9838
4101
8319
3532
8401
3628
498
8807
5485
1430
5655
7282
8115
20
2364
1429
434
9452
182
7995
8463
861
9781
5679
4141
3985
2679
2029
9086
5998
6784
3876
7968
3214
4303
2670
3548
3478
4719
7560
259
4113
671
2002
6263
4879
1054
4060
8571
4288
5234
705
5873
7591
2226
8166
5223
6005
6970
8161
5264
8120
3509
6597
2363
2289
4957
4106
6154
3570
244
6453
305
8940
8562
9159
2503
5407
6979
8536
7645
3935
1953
1529
2037
