6381
2431
5272
1153
9053
9869
9012
1198
9199
9940
4222
2354
8319
7287
7304
1818
6267
291
7897
428
4781
6813
1692
7916
8623
798
4188
4870
6329
4022
1132
1156
4475
4345
8836
2616
8879
7729
4272
794
8805
1134
4736
5891
797
3680
5115
8088
9313
1093
2777
881
9483
3734
5444
7513
9515
5512
8315
1192
9309
6850
7910
3833
8704
3257
9937
7121
5390
8854
6371
9854
6219
6564
9351
5563
4389
4113
6126
9086
5255
8662
812
8352
2458
4206
3701
8858
2454
9220
107
6413
9341
535
3675
9838
6110
7450
628
8228
3601
9152
1138
6073
5250
3306
8861
8488
6119
5413
371
602
3999
6802
1279
2013
6035
1766
1807
8809
8949
8386
7501
4219
8199
