7543
2806
8439
8041
411
9021
1786
247
551
9072
2372
8444
6459
9986
7140
5375
7861
9325
1858
7943
2827
5275
6518
7379
9567
8104
7594
2989
9175
5520
9387
2726
6458
1559
9463
8469
2855
8002
7781
2009
6699
5954
7976
7801
8765
1604
9718
4437
3706
7240
9148
9032
2398
7607
3410
2374
2136
1243
1757
5783
4250
2440
521
7132
7534
141
7699
8100
2716
3004
5739
5711
4477
7949
4873
2501
9126
4902
8068
175
2807
1007
2436
9666
1107
9205
4830
921
7946
2258
5706
8483
47
5347
8912
1189
9045
6766
6218
8427
7493
8101
2330
7372
2910
5324
2072
8565
6064
4518
2452
8886
1519
613
2374
6113
4030
6431
8853
9523
5872
7987
2177
6568
2024
