5693
9967
932
8169
4064
3919
2029
1092
420
6886
6981
8432
6260
2202
5796
5120
1832
3833
8260
7238
9980
8553
9348
8381
9307
6128
7180
7070
7610
3617
8052
138
9309
4985
53
6293
7044
5578
4781
3478
114
5732
58
5093
1882
827
1121
1034
2469
4481
8483
6942
1992
1316
6726
7686
5368
3465
4399
9638
5293
3136
9324
2526
4324
7658
1377
2240
1630
1960
8391
7986
3954
6912
9570
9252
4188
2911
720
2028
8555
9044
2097
5309
6234
8205
3268
9448
877
17
1034
2092
958
2865
6139
3700
2598
3066
9467
369
5830
5058
9749
4929
7594
4851
2259
8342
2816
7296
2980
4700
2019
2013
5699
7894
1896
1774
5180
5309
9193
28
8375
2354
9328
