708
6885
6094
2193
1157
5817
5047
9420
4156
2141
3436
228
808
8901
837
8472
9062
2875
9443
9016
2094
3673
2771
304
2344
3172
4861
6204
7220
1707
7733
6913
4846
7896
8596
4267
9926
4684
6322
7250
9505
6559
9402
3437
8526
170
2343
5081
9084
7836
5357
6411
6944
9121
1313
7385
577
7133
1366
2610
2503
5248
1881
8545
8684
4770
3742
4860
6933
1660
763
8317
4387
8457
9691
8423
8498
2185
8741
3912
2625
6235
7825
3632
2729
2900
7665
6207
6857
7980
4079
5714
1198
7509
7860
3404
5080
3814
1897
1801
4175
4503
9449
136
4347
7629
7597
2015
8192
9607
7804
2983
3021
9510
3038
3388
4265
536
7836
9312
5976
8651
7337
1305
7687
