1126
8564
9157
4358
9918
6273
677
595
9558
3910
1481
5284
8713
7289
1449
9142
7635
277
3569
9008
1842
7403
194
8152
4809
3054
8192
2437
6475
850
9439
226
907
4520
3805
9077
3254
6296
9629
1728
3301
8392
6341
6691
8033
9773
4089
5253
418
6806
3217
3214
5944
3245
2987
3455
471
6510
932
6306
9367
2700
3015
5423
6535
4105
251
1461
2660
6391
1229
4935
6035
2431
8330
976
1182
95
4249
410
5760
390
3997
4850
6364
5263
4387
2301
3946
6352
2594
1745
7017
9218
6419
6433
3774
4300
3417
7332
6166
4230
1752
8437
8540
1627
1456
2474
5981
8252
239
9726
9865
38
8946
1644
5014
6284
3109
2781
7993
9085
7997
2631
7089
