5497
5777
1317
1665
2272
4383
2170
6840
2354
8014
612
3077
2649
9278
3304
6583
1936
6880
3014
7932
8102
5289
4229
1800
1297
7229
6246
430
3655
4211
1095
8193
8489
9773
7502
6365
3218
1183
469
7288
596
2680
9709
9944
2028
3565
3209
5235
4086
5324
7903
5751
6696
3579
2893
1846
8807
9814
2380
4724
9091
7634
6908
5025
8745
4803
2581
1665
6798
6636
3810
891
2236
2445
7181
9191
845
874
5273
2954
14
5434
38
3941
955
4368
4015
6755
8039
2095
3887
6317
9623
8680
500
918
7892
1823
6345
2832
6300
326
7675
4720
4978
2520
3741
934
1928
4403
9649
3497
3671
2765
9330
5693
8614
7343
3393
7281
9567
254
4915
3877
5152
