7753
1476
5469
4296
1830
9030
6225
9708
5620
2724
7069
2880
7790
8067
4786
4169
4749
3715
4587
9781
7626
710
532
6572
9136
884
8832
2796
3784
3857
8053
8117
4517
8974
7218
3599
8807
1259
6206
3003
9635
7887
3761
8727
3735
3941
7552
5322
8822
8576
2986
6204
9342
789
2925
1734
4999
1728
9695
5862
1495
9596
2201
261
7223
3401
7814
5193
5351
9258
5582
1981
1143
9033
820
6733
2015
7553
9290
7625
6278
2206
4230
5721
6824
5466
9547
6129
9561
838
3819
2684
6037
9197
9459
2057
3625
9777
352
5985
553
5134
2797
8180
6319
6462
5241
1543
2913
9258
968
5496
4148
9842
4487
8031
8696
9118
4954
5738
7627
5023
2385
8665
3095
