1523
7342
994
9368
7931
7781
5409
6148
1516
766
1205
9314
3858
2371
9089
605
5865
3931
1525
3725
8225
6860
2547
5962
5218
3506
2398
1350
317
2199
3226
9398
7408
4043
3220
4130
4717
3110
493
1340
7367
5243
917
7945
503
972
1353
1753
6368
8282
3004
8257
8406
6126
8500
9786
8105
7198
886
2342
8772
555
4645
2281
8309
4038
760
1089
7802
2281
3210
3836
5133
4997
4314
4301
7198
5911
8204
8193
5366
3250
3416
271
8453
4915
5853
7776
5717
7821
3475
1034
5288
3290
2626
6843
8741
1024
9019
2863
7358
6672
2541
1016
5188
138
239
9837
670
28
4153
4544
9254
1371
9745
7839
3373
761
3562
3429
7537
3788
3744
8628
6833
