5152
2821
3365
9787
7989
3078
8762
7209
5499
8156
9583
4221
3358
1775
8120
533
7613
4323
3918
9818
1745
170
6767
221
1326
4964
517
534
9957
2258
2424
7502
8560
8198
1641
4762
169
2318
8180
1886
4932
5647
7014
3961
8186
1182
2201
8584
4479
7488
8554
3167
9948
6522
1799
4629
318
7781
5283
5136
4115
7368
9207
7940
3439
1148
8757
6155
1201
9957
1824
4414
6305
4940
1633
3981
6095
2663
9951
4576
4235
4196
6537
4134
7802
5625
2697
4944
2413
4675
261
4933
6781
81
4493
1926
6919
4885
238
1225
4120
1579
4830
1129
8172
5275
7048
4974
3582
5649
3449
274
4279
6019
452
7235
4031
5704
7350
5614
2932
6672
4473
9557
3711
