277
3410
641
4322
5919
5775
9902
4610
1533
4954
8246
9671
7509
8673
8509
2694
4510
3290
86
9869
1961
1004
7089
2937
4948
3805
5954
4692
7833
2342
4053
8299
428
4431
2062
7931
2348
126
3282
8691
8763
7321
9412
3667
3681
844
751
568
2432
5001
6922
8386
2124
9835
4806
2696
1684
1387
6484
2393
5868
5297
1795
3292
2879
9690
5854
5541
7019
8462
8329
392
5994
6075
674
4596
1208
4857
7501
4064
8151
6569
5506
2474
3629
8829
5967
3214
9305
9874
4165
5398
202
725
4635
2715
1231
8488
9784
6210
7607
3736
7110
701
5261
7526
3574
223
1633
913
3169
2956
7795
4090
1073
4084
8867
8876
9119
4524
4367
8071
3369
305
7145
