3328
7716
3367
2259
230
4555
9729
4457
7534
5335
2655
9606
824
5250
3050
8461
5319
3890
2984
4608
1061
3144
3440
3001
4093
5320
5883
3936
7625
2760
1251
8375
7158
4010
2270
3924
3075
4874
6760
634
683
6717
5057
6078
6679
3085
2612
3732
1154
7549
2000
3844
5643
1621
3389
8494
7262
7995
1097
9403
593
1725
3771
3888
3831
9415
6362
1288
9754
9576
3221
9877
9482
2469
5259
8528
7467
9145
8527
9389
8828
181
2824
4895
9823
1216
3256
8214
9780
3482
9881
741
5919
6081
2862
7160
6057
5558
9006
9674
6185
8948
4124
6759
12
64
8659
5466
8952
4556
6634
4825
3777
6288
1206
517
9083
1406
6126
6195
7356
611
8976
8723
5732
