8888
9816
9205
195
6911
7605
2498
5643
5304
6445
4156
1228
8120
8478
4339
5741
1485
1245
4918
105
2465
5025
9375
3493
8417
8980
6250
8076
499
2925
5311
5457
8718
5397
8054
1480
5201
3842
9157
7673
311
9269
8490
5447
294
2785
2009
1038
336
1974
4785
7887
9957
9036
2462
7618
1914
6900
2955
1115
6357
4336
512
1243
1927
4097
4729
4821
6800
3795
1437
8193
1052
1391
4847
2351
1042
2729
9130
3842
2213
2794
8984
8510
3549
4553
5915
9041
9344
4731
2298
16
3257
7945
1854
8166
6116
3211
1617
8727
2072
4428
6770
1106
9100
1522
6197
2322
1980
9709
9175
8286
1083
9387
6289
6642
5728
8206
4926
7921
685
2728
4245
5061
6431
