1544
1952
2186
4918
5469
9280
6218
3897
4841
9690
3790
364
3550
9786
6472
1644
2090
5100
659
486
3103
9177
3139
124
7404
9329
273
2096
9474
1523
2865
936
5874
1563
5538
3163
4258
2454
9750
3098
5309
7402
3892
4585
9762
528
7757
6189
555
3336
5601
1997
473
521
8352
6663
5619
7367
9714
3407
6294
69
9409
258
6576
5062
7814
3931
5572
2247
2405
469
7808
9126
7597
618
8403
2794
6632
3315
2354
2958
1376
1652
9247
9721
4486
9576
839
8482
1411
3044
4904
6729
8722
8180
5795
7014
621
5370
4618
4334
4496
2399
9797
7734
4330
9819
1244
5432
8394
6138
4626
1213
551
604
1802
5339
6278
2015
536
4646
3987
4846
7402
