7929
1920
607
5856
2476
9553
3693
3255
6303
1207
3824
2426
8216
232
6689
5906
6850
2995
1028
4581
9749
8112
119
2671
7713
1195
8935
1968
2974
5132
6895
1047
593
1912
5839
4172
1829
2532
2403
5120
8483
9632
878
2882
3225
2601
3358
4980
7976
554
6057
7545
3852
3206
9890
1548
3122
309
8117
8985
36
3748
5090
9652
2076
6150
9438
1
5257
3265
3109
3027
7154
6245
7913
1481
1674
1281
8740
270
1868
5077
4156
7694
9171
5223
7047
4694
4845
585
9994
6414
1738
3668
2419
838
6141
2629
4706
2577
2213
3461
411
7319
7997
1126
4889
9666
3643
6065
2213
1056
6060
6855
2057
831
9465
5082
8608
4689
4437
8078
3926
4680
141
