3626
9578
2673
2535
7929
1641
7759
9065
4743
6091
8701
2547
3302
4772
5549
4543
4739
6201
8005
8027
1444
7965
2459
6034
7023
3003
8713
2779
6314
6378
279
6436
6044
7136
3896
2222
6795
9319
7633
147
8085
6126
3918
5545
5679
8345
7638
7683
195
450
617
9955
3833
6742
8088
231
728
4340
8667
7364
3828
6198
6959
3848
3910
4912
9193
8275
941
8362
1746
4835
9570
6873
9505
3847
2187
7021
3810
9813
5758
8392
979
8113
7942
7434
3338
4282
8841
6401
5765
535
4667
5889
4467
8208
6937
856
2151
6538
3363
6966
5869
5735
3383
3111
483
4471
432
6526
4366
4343
4886
4889
5250
2260
559
5255
1628
4637
9715
1834
4804
7953
3930
