2395
6854
8102
7293
7808
3921
9869
5753
5023
487
4891
3959
3778
1063
3496
4978
4171
2813
6737
9714
2730
9044
5355
5337
1704
3649
8444
5348
6497
2005
3421
4286
3267
2705
4160
26
4664
3766
1649
9640
7343
9043
3974
8094
8261
3076
4093
1639
3340
7855
382
2523
4671
4063
7013
3104
3712
4530
7127
1211
8907
1083
108
2547
9907
3271
5726
9206
8679
6019
4416
6673
3402
5164
9261
7838
5500
1234
4629
2925
7281
1140
2428
3231
7565
5356
6437
5205
6660
4923
8934
6893
1055
774
330
1087
8892
197
4843
7315
129
3693
3107
956
2200
1543
821
7527
4018
8858
2163
1045
2901
8702
9663
3004
7104
970
4045
6282
138
6679
6900
3295
5333
