274
4002
7049
8957
9029
6677
6970
3036
4895
2153
3224
894
3315
7511
4664
6014
3425
8772
2462
1343
7498
3645
4044
2896
2651
5264
4509
3246
4519
7814
2880
1248
1804
9128
2817
6407
3521
3788
5783
8323
8678
19
6145
7691
7744
6139
492
2531
996
4131
2303
2827
2007
769
9443
236
5644
1394
2849
5706
7996
5456
7684
5884
921
2599
3206
1188
3246
6660
2567
7570
2169
7437
541
3837
4094
4776
5023
9515
4850
5921
4030
6848
685
9339
9318
3117
9308
908
7747
3783
834
3078
7293
4928
4473
5645
5157
3592
5870
3422
3744
4435
9692
2726
7395
9232
7103
3875
7080
3633
8133
3919
1027
843
8326
4659
9374
2933
8197
3211
1588
4469
1763
