2696
3451
9854
5866
8233
9208
8703
2218
9786
9522
3510
1828
3063
1249
8703
637
7807
5554
6260
9788
3955
7380
1436
8759
8655
6454
2952
9377
1326
7714
5036
7188
3757
6718
5815
527
9988
36
7156
3181
210
2486
1473
4152
7444
4917
580
2399
3721
2464
5587
6988
3437
9677
8649
940
174
6800
2561
5857
3700
2135
8806
6485
7911
2143
150
8519
2447
3199
9854
8854
5467
1364
8297
5279
9361
1519
4085
4893
9197
8256
9686
7925
7183
6935
9453
6014
6664
4667
7319
4729
9945
5126
7313
5514
3785
1951
3013
1124
804
927
2631
5303
8646
9421
1177
4030
2685
2750
8838
1318
2690
311
7520
3051
2627
8379
7281
1050
260
6488
3207
9125
8404
