7974
1594
479
475
4110
4015
3571
4459
6026
598
1029
6524
2769
3921
5568
2743
7142
7683
3744
8014
1010
500
9279
3428
1146
3925
4853
2651
8716
2626
6629
3855
7318
1768
2117
3540
4948
4925
7197
7096
757
2446
2065
4711
1189
3864
2543
7276
3078
4754
4399
8475
2765
3090
7235
174
4216
3757
5433
9857
3589
4622
1636
2400
554
6189
1666
4879
2135
1889
6614
4497
4193
2768
8331
5461
5070
618
2018
386
5085
6015
9245
5266
8599
8058
7797
7310
41
3388
1835
9598
2882
9719
7178
3031
9226
9452
7965
8471
832
5008
141
7431
8089
7018
3580
2780
2601
6610
7964
9408
9315
9328
6071
76
1877
9641
1895
6104
5277
2875
93
7278
6241
