7107
6921
8787
8066
8210
9928
2873
4346
3731
4935
4054
1373
5894
4455
8046
9679
5380
3391
9833
133
6676
6544
1499
3981
705
5580
1117
6994
3554
1586
7179
8470
8196
4073
4387
4655
5297
772
4705
5047
9036
5447
3361
3527
1399
5645
7226
8450
8313
7565
3024
1812
4525
8205
1316
7256
2426
4273
8523
5869
8530
4697
6267
42
6432
5273
9893
6746
7039
2762
6206
3131
3988
7749
1166
7636
185
7269
6208
1346
536
517
4150
7376
8230
8084
9213
7240
684
9179
8716
4329
130
3172
1176
7986
4946
1237
2340
7462
9594
3607
7576
4664
4640
2701
1954
750
5990
69
8471
1309
5581
4790
9344
3832
3453
4110
609
5184
7062
7358
8322
9232
4479
