6817
6360
4280
4625
1172
4610
7563
1203
9382
3485
5945
3318
6774
4274
9310
6013
6240
5476
4459
3623
7464
3502
9854
1512
2963
8788
106
3038
6684
6494
9976
665
3892
7193
458
5964
6206
7442
8637
2076
6274
1006
9164
5987
6640
9204
1936
835
9380
4541
5862
3982
3163
2765
7891
1124
2466
8091
121
9255
5631
7790
1295
2147
5194
9710
2241
2530
6765
1801
402
6855
279
1346
4064
9787
1843
843
8587
4471
4289
8447
927
5180
6740
2533
8953
3059
4846
3679
8394
3605
5749
6375
8161
9836
2644
9958
8356
8478
1272
8996
1737
2685
5021
7906
4422
1968
6468
3817
3925
970
6725
9028
87
9753
2907
3714
7144
1456
4401
488
2892
3001
6070
