1902
8878
2349
7428
5158
487
1746
1553
5961
2903
769
274
9695
4642
7709
8431
6249
8316
3004
2718
9387
1773
2301
1966
2783
5575
4794
6805
4122
4007
9766
261
67
9066
143
7080
4651
9524
8687
1020
5989
1060
2155
6349
8128
1599
6895
1841
7379
6444
1824
3048
3338
9326
6031
9863
3134
3809
1476
5771
5268
5354
9723
1861
8155
9520
8208
2740
5216
2363
8412
4690
7138
9132
985
7767
5877
7706
7918
1310
2402
7780
223
1733
1797
5457
1348
8542
7728
5451
9547
6999
7281
5350
877
6600
2675
3783
6886
2256
5163
7048
8592
5352
6935
4508
3962
1567
4669
2334
7397
2933
2704
4976
3893
4012
6666
5830
7994
4669
2070
665
9387
8154
3519
