9388
1082
3075
9916
1071
7763
7687
4576
8290
7907
8849
6841
4352
3633
171
8908
4085
1041
5200
8405
9703
9952
6403
5624
6159
5383
5488
8560
3838
8090
6354
4398
5686
8507
785
3219
5042
7857
3685
4617
8403
4322
5986
843
8656
5302
2480
2164
3474
5183
4581
1488
8005
359
5342
4918
2788
6011
4667
9521
9862
7584
70
7643
5655
7877
6864
2004
1274
7891
585
1574
9864
6307
2093
2644
5099
4667
3136
4447
7194
678
2718
5791
7606
7966
1609
2500
6065
4172
9217
4654
4810
6676
8168
2976
9457
1221
4485
1645
4027
3023
9990
233
4844
1823
9132
9047
4952
6079
1237
373
2506
6684
5584
973
1938
8046
677
9320
7437
7055
4606
6551
1096
