4303
5038
9067
5051
4309
786
7654
6293
2718
2765
5453
4363
396
358
3557
2233
5078
3005
3634
8094
1092
5022
9025
1998
1078
5223
2897
6851
1277
3954
9974
5132
4851
6851
516
12
1493
76
7956
3068
531
2029
8669
9188
6774
7473
3172
2956
7162
7339
3683
7630
4182
4288
8106
2492
8326
9123
1946
7451
4454
8310
8636
8956
8261
5661
4567
7322
1968
1158
4769
4005
1785
9185
344
1561
7236
9853
374
7851
1969
8053
1434
4709
2516
3415
3688
9763
9710
6356
728
9543
874
6266
8679
1443
4938
8330
2345
4603
2795
7195
7074
2267
7720
7130
5023
6894
2196
1429
7135
6951
1839
7029
3722
7288
2106
7099
4062
9763
6203
5043
4156
387
8082
