672
9687
6929
7093
5781
8449
5226
5999
4080
9046
6443
5934
9219
9115
9450
9323
6448
1965
3754
3485
933
6674
4981
2565
1830
2093
9224
9060
5980
477
189
3961
5103
3452
5288
7504
5606
873
9252
3241
5060
190
2295
662
4118
8363
8688
7602
3012
7114
4918
3559
1399
7637
5045
9462
9194
7332
8652
4667
631
296
9206
3641
9479
4465
4245
5613
1866
3923
5756
3640
5859
5635
4814
6964
1322
5378
6604
9946
144
1402
9295
5746
5454
2530
9744
2192
2217
3416
7129
4692
3080
3500
7374
5079
4250
7556
7042
8628
9623
53
6897
9776
4865
242
4387
4825
680
3117
9090
4570
5381
1729
3166
7232
6680
4500
7177
9594
1649
7075
8862
1097
8798
