5075
748
528
7304
1356
5119
3701
9099
420
7591
6438
9424
9606
9961
5821
8554
9333
9766
2304
9742
6800
2634
8928
3043
6440
7627
2234
2567
9029
9168
7988
239
7051
3692
8699
2474
3432
4047
7201
8722
4796
1601
7815
75
8044
1659
918
4530
2215
6521
266
2754
3496
6510
2992
9052
2671
1540
265
8678
8480
6644
1270
1884
5115
9234
4505
1480
6712
4282
9767
9496
6082
9432
5840
214
3878
1717
7757
2249
3063
2541
3831
309
1673
2369
5955
4862
8148
1460
7328
8601
3133
1651
2206
5705
773
7896
2617
2035
9573
5876
5734
4574
8358
105
2178
2252
3196
236
7159
8524
100
7314
7318
5957
4686
9077
9884
4487
2039
1641
3123
2709
6192
