4492
6338
4568
7750
5239
3987
3547
7615
2317
9649
3952
9966
5658
2757
5203
7541
8038
986
6214
8249
7283
2613
75
5111
7737
6698
4077
1701
901
1605
7193
5584
8902
1773
6950
866
8683
3611
5038
3041
1483
4372
8137
3441
4316
6940
6018
5527
4443
309
6039
3276
6693
2222
1516
9564
2973
7511
6350
244
9352
1572
9057
2480
368
1024
204
9352
626
9244
6232
6511
9975
3772
4982
5472
3965
2620
7412
9219
2784
7603
748
2356
4541
9436
5969
3285
6800
5996
9724
1364
2310
4169
9294
7358
6627
2539
7539
2270
309
8649
7434
7758
1804
7706
1418
7209
834
8525
5554
8251
8504
5236
6355
7274
4022
8786
6466
4134
4402
5479
2121
7623
1961
