1945
1154
5413
3297
1590
8337
690
3298
6461
3235
6271
329
1646
3009
457
7189
9827
809
2804
1627
4830
2072
9390
3516
5202
9502
1336
1457
6552
8077
6000
1213
7041
483
7164
4675
7852
9155
8625
2558
1387
518
5006
9803
8432
8542
9052
3649
2687
1808
2249
8211
4324
4770
2422
1083
6595
99
6084
6090
6220
2735
8422
3371
4992
373
5338
7501
6331
8260
1749
7179
8500
9015
3547
1674
5569
6552
7623
448
2298
8827
6904
5278
8893
3186
6210
8856
7002
7097
1441
7982
3047
8905
8533
9576
957
5297
5380
9016
268
2110
9188
6148
2993
7084
1151
2777
1795
6229
8006
2947
3668
6410
7664
2418
6567
8528
5903
8268
8910
3542
9093
6389
4912
