917
2105
488
3025
8029
3536
8611
1702
720
5523
5786
9231
8965
852
5666
1531
9458
1057
5302
5185
7548
5083
7964
2552
496
4944
7668
2429
8037
3165
2809
9760
5446
5065
4717
3225
751
6047
339
430
963
3988
9739
8782
5830
3436
4302
1550
40
1747
8345
4329
4641
3900
3003
4496
2232
9402
7615
9065
1386
5424
2294
502
6463
4897
7618
3035
5168
9734
1429
841
2845
4964
7484
422
9606
8921
6981
5677
2582
7031
9619
3140
6902
4512
7559
7379
8067
146
1072
6106
5166
4717
6528
595
1784
979
8891
9661
8987
4409
5825
214
617
1765
3523
7936
8559
2322
1640
7578
5342
7885
6984
2781
7027
8832
3631
177
75
7228
4376
4428
8142
