3476
3423
9787
9024
341
6774
593
1919
4460
1739
2224
7421
4224
9888
2071
6190
274
8248
1793
3515
3378
5035
6298
4520
3044
4644
2217
5215
7227
2691
9526
4708
1220
2125
3345
3125
7089
5088
2772
9252
7312
3482
5070
4267
7872
8234
8791
2884
6840
9205
1384
3160
1353
9177
5357
5620
9260
5031
274
547
5745
2966
6826
6349
9887
5722
8905
1234
2514
2703
5254
5002
8156
3225
4914
9833
2130
2589
1163
7290
5517
9174
4206
7916
6682
2183
8950
7268
226
8092
5429
4232
3677
3642
2778
2859
6775
6161
873
3383
9336
7631
2992
252
5128
4539
5803
6120
4930
7324
2183
2674
5340
5929
1501
1057
9191
5612
1602
6243
9934
9923
4251
5501
7626
