1976
4575
7603
1370
6748
247
8344
8710
1620
9836
5280
3264
6861
3557
5243
8235
2078
3366
4998
9623
6537
4196
9481
7759
7548
1757
7922
3776
4005
3187
2923
1986
7242
7067
1573
2802
2461
2471
9649
786
5408
6257
9564
552
1940
2000
7534
6919
2187
6896
2377
231
4134
7692
289
9970
1343
6168
6872
5876
9855
1386
2682
6078
6286
4298
7107
8841
3641
41
6813
1090
6009
3569
6878
3128
3181
5057
1855
8495
4240
155
9397
4982
1875
5832
9315
1515
324
6242
3060
3815
9908
1321
5376
8606
6592
2366
8496
1722
9313
1478
922
2390
8936
3074
2184
8418
8086
4576
8940
1440
3711
6026
8226
4489
8919
2466
5101
8963
2190
2663
7141
1119
8490
