2167
1669
5903
9204
3816
4151
189
4600
5690
4939
4884
3025
113
2006
6028
6022
8292
7896
6044
3047
267
463
2900
2165
7282
1196
1646
7764
7374
7263
7646
5128
6700
1841
3074
6106
4409
3597
3158
7949
6433
5196
5705
3588
5057
3440
6724
5857
1197
4684
3485
4570
4463
4204
1615
564
575
7775
1197
7411
1592
1276
2268
314
518
1769
5630
9831
2340
5447
30
6837
9371
4906
1622
4493
7819
3508
1676
2156
5009
9747
5251
3869
7862
7259
6938
7680
9363
6286
9143
7563
118
1641
2965
9333
265
2981
2534
473
6621
103
7711
3168
2695
1806
5133
3293
2416
6175
450
8349
3267
1422
3324
118
7627
5554
9126
4639
7336
665
645
8838
717
