9845
5163
985
8798
8419
9074
2532
3325
3873
821
386
6408
8756
3055
257
3380
6305
3428
4791
1901
7869
7795
311
7546
9315
706
4762
3596
636
9041
2347
7140
8481
5368
5911
6382
5675
1756
4564
276
9802
7408
5845
9907
3394
6136
5
9235
3000
9803
7088
773
7545
6053
7480
6514
9546
9672
1334
4280
2592
3923
215
9508
315
2635
5205
9671
4760
9295
7401
9702
9197
2732
2862
4118
7579
5013
6096
120
9978
5735
3388
2376
9095
379
6534
5162
7052
2412
9562
549
8902
342
5700
668
8434
3835
7880
55
2475
9300
8481
1810
990
3949
9203
6944
3571
9779
4169
6505
4015
528
306
8664
4426
5352
6978
4486
3800
1574
5867
5258
4554
