2873
5442
5167
9445
3537
7824
1474
3021
9408
2005
521
4803
7674
183
2263
8338
2827
1535
6497
5408
4741
226
2728
6035
3301
4326
5841
2846
6366
7970
4186
1461
427
3707
1954
3776
8487
8434
3895
2587
3560
3800
7032
855
9160
2443
5908
1789
9127
3607
8408
793
6291
5111
512
3983
9734
5509
2140
9206
3127
6693
2094
5362
6035
2149
5845
9223
9884
5007
1982
1012
646
5741
8631
9771
7175
9721
9986
6053
718
6708
2060
1917
5634
128
8788
6508
5843
990
9175
5039
5631
2723
8044
9475
4425
1644
3848
1501
8995
8870
6902
9502
1432
9288
5811
2308
7272
9205
4843
2298
124
2120
1706
7942
7117
8198
2402
3410
3573
9726
7721
5910
6670
