6567
1731
9965
6883
6477
354
4448
3691
433
8370
5971
3593
6031
1115
4994
954
8284
9483
3615
2178
8421
11
4298
6602
5199
1513
8207
2524
8913
5606
5827
9300
1214
8213
5254
213
7445
9666
4564
5709
8976
1705
3723
9253
9500
7834
2514
1225
7806
7248
5621
7140
2206
1762
4310
2059
6827
8883
8922
7425
1071
1238
4043
5636
7228
6442
2777
252
224
9354
6383
7782
5888
4995
2589
9954
5067
3004
456
4904
1426
752
5222
3794
8515
6570
5821
4714
8162
717
4320
2326
3968
1650
4721
5516
6737
3666
1100
9588
4889
7500
7110
2342
9372
5890
686
1238
6814
6106
7367
838
2508
8112
995
3481
6382
8185
7812
6026
8150
5309
2411
2589
7352
