5327
4293
5315
3373
1020
202
816
7120
7959
5424
8721
3354
2505
2871
1985
9016
1111
2629
3325
6590
2480
866
6283
2436
7567
1507
8767
9705
1603
3622
5698
3921
9740
1328
2623
9825
6157
3037
761
9357
7892
89
2411
9227
1833
9201
9326
8185
4303
7316
1202
7147
8303
3139
9214
2602
1441
5688
5336
2232
6613
1540
6745
3084
3670
848
5209
2471
3503
3047
2814
1606
1538
741
9161
2413
1491
8972
6851
6847
4780
7038
7723
8789
8715
5599
6489
9279
2180
6163
1846
7881
395
1193
1042
2312
6975
7593
8216
7549
4851
932
367
5086
3722
3512
7066
4229
8603
4177
8525
3683
2199
6328
9589
988
5265
2587
9011
4790
3431
6614
9479
6834
1307
