5841
1547
9324
1071
9910
4777
6928
8017
3117
3625
4133
9859
222
2282
1502
4746
2068
6104
3856
3678
9686
5600
6626
652
2737
8841
646
2584
7304
3772
370
5941
3692
8591
6092
7707
3790
379
3996
8807
4839
8072
8357
3844
7928
8921
6210
9263
2749
2683
3086
3208
7858
4517
4821
8998
2889
2138
191
1405
8322
7197
201
1431
4996
5977
9786
8910
865
1677
4246
1313
7934
4564
3061
6526
4222
4643
5819
4002
4242
8174
9533
4417
4795
6668
6821
52
151
2939
3688
7540
8513
341
932
1296
2177
9850
9482
6380
479
2299
8435
6575
941
4623
555
5427
1452
6225
1909
2984
9360
575
2276
6615
5210
6060
4093
2321
9023
3093
7414
9872
472
