2204
4720
7301
7574
9295
6117
9021
3500
4593
9439
4348
3199
1162
5291
161
9396
6164
6215
3864
6793
7769
9947
7344
8512
1604
8355
5357
2672
7427
5797
5106
8530
8708
4184
6172
1130
1305
1597
6623
2445
1170
3798
860
6346
7344
2216
2566
1205
9809
8260
3723
4426
2886
4174
7199
6862
2049
7665
6842
9295
8620
7329
1534
8301
6527
7442
1323
6977
3404
1190
684
3702
9364
1363
3049
3209
76
4778
7260
3791
3494
9979
3950
5383
9504
6808
6078
8083
9289
5440
5708
8037
2398
3669
932
2781
8879
4595
2035
6180
1392
4209
6767
4025
7376
5609
1430
6592
1047
9981
5253
3341
30
2004
8527
9442
4577
9686
1109
205
8711
9844
9827
1805
9649
