8820
5023
6559
6423
704
5439
495
6785
6928
8155
4773
6790
578
2943
749
7306
1840
4487
9312
7063
5908
1145
1460
7672
548
3021
5605
3746
116
7457
3138
182
4557
6535
8272
8021
161
5160
7071
6316
4550
6883
6453
9904
5287
969
8140
5256
7517
1503
6628
1263
9251
6068
5095
8085
9369
1518
328
4230
2016
5138
9581
9900
675
2995
7061
662
8976
3777
8039
7899
6086
336
4275
1896
371
3383
4976
4196
9132
1628
4040
6750
375
8188
9855
593
6891
1043
9162
4527
2961
2988
19
257
6241
7497
29
7865
5062
5784
1180
6263
5370
6261
9389
4075
5256
1684
1008
1387
2306
1689
3131
2559
4746
2550
7290
6367
2691
9223
1700
8174
4530
