1239
4672
4793
2373
5746
8642
6061
2440
9875
2743
2128
9245
3204
2221
3633
7447
528
6854
8465
6969
2179
8404
2547
1772
6428
5265
7664
5798
8872
7652
7559
8442
9543
4297
621
6408
2494
9038
7754
971
8844
4048
1534
5941
730
3546
6358
5974
1009
730
4640
1893
72
7887
3008
5083
4046
9039
675
4395
7811
5583
7817
9862
298
8967
9702
8281
9956
5029
8178
7483
3059
1045
4262
3038
8855
2382
3268
3491
4452
1012
8866
574
9028
4192
2992
4378
3189
9220
1931
3867
9280
6206
8066
3692
1644
8190
7045
6231
6745
1339
1809
2751
9472
2001
8438
6268
7778
5185
2054
9282
7831
7581
4820
1261
5063
9024
5662
941
7625
5099
2037
9582
203
