8576
24
1678
7740
1232
5137
6324
7775
2806
7407
6425
7119
2906
2485
1145
5959
3314
8259
6345
8957
4915
4712
2716
2698
1933
8661
3245
9601
623
3503
7764
4476
6385
7682
241
8753
1729
6742
1638
6214
4074
1482
132
4089
7425
3219
9704
4675
582
7098
9365
1509
3948
9235
5673
5089
8376
8421
5071
6106
7315
5893
86
3616
8509
866
5973
2062
5982
3712
3298
4168
5068
3975
8248
4825
5895
1094
2863
9324
1026
8145
7928
9029
5993
5930
8067
740
5212
101
4431
3885
6019
3718
7235
1739
8840
8093
4121
6035
1506
1575
2118
7112
137
4762
4919
7704
9356
9984
1312
2764
7624
6673
2526
8129
822
4096
5281
6271
8790
6965
8672
6292
8811
