4451
2727
8677
6892
5048
8779
2345
6420
409
8316
1957
5873
7421
7323
5368
6367
5612
3423
9452
8425
8428
5883
2006
5018
3837
7634
5446
9608
9518
701
1488
2092
3461
1356
4409
3119
6618
8025
6753
4958
1534
8944
3059
148
1959
5146
2430
1101
9721
1965
8866
8161
469
6070
6125
7373
9098
813
310
558
3108
7817
3940
9947
9101
2781
5093
6107
1433
7876
223
4538
5012
8767
2703
2193
1372
5896
5302
8446
9387
5395
4271
3586
5979
3677
6451
4528
4963
9999
2114
4248
2483
2876
6984
2862
1261
9847
3680
1923
9180
2886
1859
2321
1877
1928
545
5097
8057
2779
6932
2092
4833
7989
4872
7047
2174
8487
4769
9777
4558
6317
8613
6098
819
