1347
4627
7252
2782
1606
4049
236
4669
3790
7066
1604
69
927
5291
6691
90
2762
2292
6870
262
5387
3539
8929
4253
363
9086
5586
9325
7516
7029
1317
3484
9002
1704
6994
8612
2002
5895
6211
4126
5618
2757
5100
5168
7398
7447
1907
2963
3336
3117
8907
9820
4489
9325
8875
3953
6014
320
3203
4858
8734
4982
7359
2243
537
7341
9021
616
7668
3707
7053
3712
7208
7155
9128
6717
6269
3668
6745
7842
6778
9388
2330
138
2262
7983
1686
2221
1396
3572
1282
1970
3196
6230
601
8494
7747
4000
8272
9490
3388
7844
3693
2281
9959
2473
1465
4416
6785
817
7997
5861
2611
3163
3941
9328
3881
2465
6331
1304
7338
6628
1743
2265
3535
