7855
9427
4278
7922
1388
4269
1703
1046
1704
6523
2373
6365
8327
1872
3192
3261
6833
8050
8462
6763
503
4365
1692
9224
2782
5466
1977
3395
5167
8630
6821
2649
759
7629
1635
2389
4561
1317
657
5310
1542
2210
8426
2249
5343
5846
5664
8666
7206
8375
1987
5093
7737
377
2768
2516
1955
5631
8903
7937
326
4069
9959
5390
3896
523
1649
6175
7442
6645
6992
3613
9066
6472
7684
714
1845
1656
7496
4062
5175
8546
689
7882
468
7030
99
5658
1041
5351
3793
9952
6742
7304
490
3628
2353
2677
7541
1296
5404
5919
2431
8963
2740
7481
9419
3510
4730
9822
9309
8855
1550
1797
1798
2466
8025
8588
7901
6926
7201
870
6502
6625
5571
