6513
2724
9834
6158
1089
4864
776
6946
340
6530
6493
2506
3973
4044
8446
5871
5749
3282
4387
1303
9179
4075
9499
1905
9275
3236
2437
4294
2310
2797
1221
3722
2734
4453
3452
6587
8840
2739
1243
9192
6891
2254
6587
2465
5683
610
5005
3815
7333
8854
8265
8087
8530
8320
1119
9343
273
7494
6111
2473
2915
6080
7694
8475
8800
5104
5562
3548
6361
7768
1759
3862
5503
8908
2879
9495
4789
8960
9248
557
4906
4216
6868
6176
5479
8170
3891
4000
1438
48
7805
7998
2614
6265
3723
907
6003
8481
283
4889
576
1479
4374
8244
1172
6395
3212
8782
6606
3667
6428
7861
4112
6347
5376
7900
7694
6853
8191
8874
4207
8061
7035
1788
3836
