2387
9037
2707
724
9768
3384
1265
517
1959
281
5937
3960
9043
3607
9070
5705
1038
7749
1969
8960
6373
6259
4386
3403
3999
5645
508
4120
6104
1071
2886
5120
4309
537
1124
1733
5251
2706
1256
6975
2881
9390
7400
456
8968
8230
4906
4087
4799
1103
7032
3976
6477
4770
3161
8192
3177
5471
2760
8148
7820
5316
4565
680
8818
587
4312
9836
8071
5476
1455
7665
9520
1106
8818
8005
2852
4599
8293
5329
8467
71
927
1405
4227
6106
8444
3749
1202
7531
9048
2978
1312
273
100
7884
1351
5986
5540
6627
6925
8584
1970
1832
3119
3163
954
9069
892
5304
4472
610
4409
4705
1361
6927
2908
9966
1582
5936
8585
4857
5982
1025
3418
