6199
6932
874
4825
8959
6691
1399
2792
8584
6696
1583
9158
6065
4129
3078
2548
3738
1254
345
9936
1016
8683
8859
8867
3063
4563
2166
3860
3532
1175
2853
8177
4208
9333
4880
3466
4504
9891
5743
2043
7195
5440
4072
770
6353
401
4412
8563
1353
7192
7459
1423
4824
6739
7434
2270
4985
8533
3778
382
4616
9050
6192
1883
9562
1598
3973
3706
3908
1546
7453
1204
7473
5414
4861
9442
153
3980
3268
2510
7470
6644
2408
5930
996
3525
2455
8468
5816
1373
5660
4574
3014
8380
7755
9054
1954
8932
8201
3075
5371
1289
9373
238
9090
883
3836
9189
8538
9135
2708
8134
8235
8807
702
2565
4570
2847
5551
3566
4171
8267
8182
4678
2909
