1199
9266
9278
3548
1487
7615
6017
9755
9484
6133
9352
1695
5286
5600
8594
527
8846
8067
3872
6932
9927
4033
3729
8755
5519
5256
7998
3811
666
3812
2200
7908
1192
6135
4151
3755
1533
4964
2918
5797
5469
5486
1083
1065
2123
7369
8284
1508
1981
2961
4399
9451
9437
445
8305
7375
9462
8656
2039
479
8171
9655
3224
4225
9590
2769
5000
6996
7376
7438
1333
9294
309
6752
5673
5863
3990
3831
2100
474
1767
5677
776
1151
2031
1237
7608
436
1977
4022
8563
1613
8324
1873
8396
7304
7171
6387
4128
4263
533
5997
4670
218
2965
6059
30
5990
4969
5039
5816
6980
7472
6268
709
2262
2720
61
7624
1110
1017
4980
1355
2969
2612
