8164
4091
9313
2854
2031
7776
5290
5242
9060
8392
1139
5376
2790
3458
5568
5237
229
8847
1099
6994
9218
2740
8
6901
7005
4972
7331
1098
7854
1778
1788
3562
7329
1265
4558
3289
329
7824
1143
7453
4063
6574
9575
4643
5997
6423
9280
3973
2897
77
3079
1139
9136
6394
9368
9138
5997
3177
667
8778
2048
7941
9827
9027
2579
3522
1087
2040
7759
7262
98
6777
4311
1275
7456
7847
8890
8745
6756
1052
1018
6233
7602
3372
5068
2882
9161
9826
2756
6766
4375
9345
6350
3710
2194
7585
2915
1286
4113
4730
8615
2050
3314
1666
4561
4212
7782
662
2033
814
5268
8136
5303
3898
7118
9147
3413
5050
6096
9589
3461
1659
5608
3585
9156
