7546
3662
4801
4095
5143
8050
8603
2277
3356
5863
7807
9134
6949
1058
248
1497
6568
9011
6868
5240
3813
4622
4646
3385
5924
2697
7681
4187
9782
7777
8146
3172
4049
2582
9260
5445
2799
4789
3126
5212
1416
6538
3816
9408
9801
4290
2291
9875
721
7336
7054
928
4414
2374
3493
6667
5003
3569
683
7130
5129
8864
2745
500
6720
8350
544
6089
1771
5543
6279
2768
2192
2105
2349
151
6795
3509
7334
6198
3617
1052
4721
706
6196
2616
2912
6159
3033
3091
3676
2786
8941
8342
3138
5749
8673
6537
965
1273
9907
2360
8412
1801
791
7862
2157
790
9713
8043
5704
6144
4950
5311
413
6408
9321
594
6948
4762
5333
2156
6456
7315
8356
