74
9452
7469
9706
7363
8254
5808
8320
1816
3558
5622
8112
4996
182
9728
8420
1154
7159
2003
8255
1644
8017
6563
7943
4725
6421
3344
4691
7101
7306
9457
1559
8112
3572
3869
9775
8320
509
3992
8665
2610
769
6854
7502
508
4905
1587
9155
8454
7306
8326
8752
502
1911
4233
1019
2696
1913
3541
4609
339
8303
7482
6972
1567
7825
6446
3769
7892
3850
7598
2818
2314
2176
2502
8738
9932
196
4145
4969
9788
5643
9777
280
1433
7261
5581
5740
9920
6506
6130
6301
1495
6898
8369
8475
4302
2653
9604
8511
66
1966
9721
6255
3552
2644
5432
2663
550
4623
6846
6074
9069
6904
7929
5037
1582
6477
3616
9573
4910
2995
890
8151
1808
