1819
7437
3259
5057
9015
512
6043
4472
7141
8677
3684
3076
2820
6221
7703
8241
540
4966
2602
4817
4744
8971
2554
4116
8952
5288
6934
6690
4379
8846
2061
3031
1038
3851
6734
7865
7964
7140
9997
6318
5490
7675
854
6094
469
5385
9866
3802
1090
2680
6038
1099
6513
4357
8859
4408
7370
4384
6663
3879
8708
7907
2735
239
7471
2988
3497
7593
7654
2795
5211
7027
5111
6276
8642
1174
1664
4258
9155
1111
7027
5447
8166
5461
5066
1962
4832
5738
2020
3866
4093
6328
7317
5634
6513
2813
599
4312
4865
2102
3552
2657
3366
7190
6979
3070
1943
2475
6213
613
9567
2370
1477
1512
4264
3149
5979
8012
9324
8873
3485
2068
4506
3729
5412
