3016
1219
9090
8559
1687
4270
1973
9437
3559
4281
7630
9614
9602
4977
9114
5440
6110
893
6223
5703
9847
6739
3143
2967
8982
115
9323
7387
1299
6503
7417
4632
7296
8110
1998
5552
6998
1871
5428
3683
1561
7180
1374
3254
3085
5921
8803
1875
7449
5578
5639
6418
5415
4359
8119
6303
883
4218
605
210
8302
3985
3068
1976
5042
2444
7060
4995
3430
6675
8444
324
908
5028
1253
4477
3121
3832
4175
3811
3795
5214
3262
2890
1873
2165
3606
4356
5388
5326
4599
7718
6846
9689
7159
7835
7169
8226
2439
4015
4449
1098
5928
6328
7270
8497
5491
5825
3983
5555
9383
1226
6053
8319
4929
659
9380
138
9199
5233
4331
5453
7860
4767
5954
