3176
1048
7392
6317
9378
5428
6449
2221
1634
6898
7389
9317
2809
4670
4541
6649
5187
1356
651
1745
5993
446
9695
4915
2590
9570
310
2340
6893
6961
3682
7088
2426
4978
9709
4506
61
5664
811
789
9746
2838
4883
9537
7933
2478
5976
8901
4134
4613
4719
2569
2097
7411
8935
1360
5793
2364
9266
271
4258
7940
4379
6396
3158
7619
987
8258
1174
6889
1796
110
2364
5661
2829
5507
2340
6330
7281
6057
6597
4594
6155
7420
3206
7325
3882
7102
4702
1142
1694
8807
8358
4783
9362
9608
9675
2058
4523
7546
8431
9255
9798
3596
6564
8655
9789
8666
9944
6504
9767
1574
1921
9150
6969
3089
5560
7348
1084
6324
3214
2313
5143
5896
9404
