8931
6128
1033
2370
2776
6968
8213
8896
9768
7347
3228
12
3755
1783
7868
2341
626
9029
7460
5901
2123
7936
2941
6229
9602
2825
9378
2573
2679
1284
6070
655
3483
7384
1788
933
4712
1259
411
577
8068
9293
3876
4880
7767
8985
6981
4951
3155
6374
9312
1705
1923
3960
7695
5759
7615
9152
1085
1660
9933
645
9137
3088
1536
6656
6009
5973
9664
3004
9612
8390
3030
216
6408
7278
6134
3541
1540
6040
4631
848
6132
4900
4830
3248
5951
7699
2728
721
3922
3694
1649
8994
867
5931
150
7884
6740
1294
7677
2865
8359
3649
5851
2768
3980
9438
3253
8416
1685
3381
549
8168
1783
6068
8516
7134
1951
7382
2823
8069
7515
6155
3261
