571
477
7154
6566
49
6276
9465
8031
21
4668
6195
8890
2339
7370
1124
6788
5700
2227
8012
8777
554
9612
7787
7345
3243
3686
2637
3737
7117
8139
9839
5635
7640
1866
4749
9476
5262
8348
4015
4643
2875
7456
5551
5105
1466
9447
7210
3634
6090
7138
8275
1264
715
227
3613
6928
2856
6208
4113
4626
4525
7851
3186
4736
7497
7689
43
3464
5436
4744
6784
2411
6739
4001
4022
247
1886
3292
3652
5769
8673
5021
252
1408
267
7042
1123
366
7132
923
4495
3345
6787
9388
8640
4554
6017
4245
9605
5370
2276
7475
4316
8213
6436
5229
9365
9151
3118
6307
5863
2933
3100
3955
8920
3323
2244
1987
8227
3173
972
4578
6612
1792
9445
