3573
6975
4663
8929
1875
2078
959
8719
8822
9249
6224
7742
5148
9327
8837
8608
4679
5522
4465
9072
1352
1711
9429
8649
6221
4247
2913
5369
9403
194
7730
1718
7362
8021
5853
66
7419
7962
2756
8707
4882
2340
5751
475
6629
8827
739
5409
2021
1161
2563
4190
3937
9100
5235
8830
7724
3757
4869
2003
804
5083
556
205
7120
4522
8754
4301
8972
6976
4893
7335
5884
9396
2795
4625
2052
7291
7611
5601
873
4782
2049
2098
4509
1460
6937
5627
8705
4702
8884
5601
8605
3553
1572
5788
183
2208
3654
8278
5927
4576
8428
5969
2595
6604
4729
855
7262
328
1490
3981
5139
2410
9356
11
5417
4635
8713
6305
771
6723
9704
9060
7900
