6250
1839
9082
3758
9512
4478
2928
4270
3941
4110
1448
8500
1262
4250
9692
2972
4279
7012
9199
7096
88
7186
9006
8902
3559
8718
5188
2957
5842
4869
8190
7405
1305
8140
4214
2026
1559
8448
1249
3547
6468
4332
5805
617
7100
2022
1737
6481
1989
8228
2492
9832
6040
7153
783
9224
6684
1797
6412
6679
1190
1356
8682
9063
9795
851
5857
3610
5632
1629
4908
4238
7957
7436
1175
2062
5052
6571
534
4986
8046
8140
3027
1744
4227
2661
2913
6854
7930
2261
1685
8303
5220
6772
8290
9129
425
7439
4623
1419
8519
611
9448
3278
4478
9345
6931
1343
8825
6819
5811
279
7694
6602
6973
3357
1092
8797
8546
307
4424
1866
5979
8192
8390
