6853
2622
3012
441
5593
4663
9818
1699
5040
8034
5168
5315
1393
8173
5940
3801
6256
4461
3429
264
6673
8318
5679
222
7920
571
4957
6599
3286
485
4522
2678
6388
8982
9598
438
1519
1730
4879
8453
8097
3921
9019
1742
3677
8104
4719
3995
2511
4690
2206
3361
7783
9209
3211
6273
950
205
988
8545
1446
6879
2417
5904
9810
7180
4803
4703
4782
714
6440
9743
9326
3992
8397
8491
1791
6112
6360
2800
5733
79
5116
3283
2546
911
5897
9398
402
7812
2838
8948
810
6952
1200
8055
3353
2649
2783
4281
5458
7661
2689
9459
3312
2130
3939
9264
5336
5720
6778
2917
7204
1399
5156
9058
3455
9480
9203
2768
1795
8963
6018
9323
709
