2320
6523
5101
1481
957
3217
1333
2214
2479
1432
3173
214
699
2113
3324
5242
3931
7594
2359
5581
8310
164
1711
7989
2811
4007
5715
4856
8870
2369
171
8014
384
4452
7888
4811
967
6827
5903
7463
6739
857
6804
3796
2287
4264
116
3773
1075
2063
5662
5018
5588
24
9398
1424
1681
2256
1791
8209
1162
9733
7553
3904
9818
3309
7297
7378
6867
3663
3756
999
5108
9747
4669
6017
2331
7865
1595
3143
6595
7675
8808
1274
4016
6610
6935
1720
2388
6209
1644
3945
6325
7984
7995
6762
3015
2435
8622
6042
629
1975
6803
1610
9817
7899
7538
1934
1763
7072
4144
8798
6046
7917
5738
9836
6580
553
8362
5081
5056
1991
6315
2204
7610
