9280
5104
3521
736
6003
445
5585
1846
957
1285
4289
2979
5174
7869
5752
1652
209
1500
3814
6989
8529
25
1265
5372
4285
2743
5386
8868
7477
9445
2107
4434
1741
3421
4369
8855
9013
2288
7983
7474
7533
5155
1614
6908
8037
1118
1058
3133
1083
85
2017
7757
4562
7672
9004
9789
7209
925
541
9549
7088
1137
1340
4306
794
6632
1486
8550
4877
7225
397
8788
9575
447
8778
4467
8315
6355
5122
1040
2306
2395
7854
4607
2337
2055
9866
2159
1560
9078
9874
420
2190
7076
7974
3087
8271
9852
1031
4786
1007
8256
1117
6560
6145
3988
1669
4219
186
8804
3421
8924
3904
8662
9615
4645
62
9357
2799
1441
7415
7757
7073
699
9953
