1725
871
9075
7602
8400
6042
1271
9210
4975
2310
633
7290
1133
7958
8833
7986
3000
6579
3786
5316
9655
8089
8102
1721
5200
1880
6708
1965
1134
3568
5303
2677
9631
3234
3948
6328
7990
7474
2566
6607
8059
1489
4748
332
6280
6428
4239
1356
1781
7855
3768
3004
15
2211
8807
6313
7891
453
6609
6819
6103
7130
5481
7026
7193
1779
7411
4044
985
6030
983
9325
3975
7993
5378
6316
6202
6067
2775
3496
9699
3655
2943
9276
4900
9451
7078
4151
2462
4846
8086
6071
633
9567
5499
9674
8877
3566
3820
9327
1285
9398
5520
1645
4703
4080
9119
8687
2805
8030
6462
4776
9130
5233
3559
8861
8189
8738
6166
8465
746
1350
9815
8370
2135
