5616
912
1310
6803
6890
407
4714
8416
486
1472
3061
8168
971
8725
361
5421
5125
8475
6056
3522
3351
9179
5420
6546
9672
5155
4980
1887
8282
7490
9382
5001
9227
4488
4985
9526
4593
6978
2502
3820
1504
5983
1847
6218
2794
4884
6920
3794
6164
8439
3130
5397
3367
7776
6062
7423
7488
3937
412
2362
7057
7648
2059
9903
4009
8121
4578
5286
3716
236
8931
2566
9800
6762
5641
4843
4235
6460
2297
7272
6558
668
1270
5759
9287
8258
2012
366
218
1267
338
6156
6428
9586
3585
6274
7179
7174
6259
1674
9033
1532
9867
3813
3557
5281
1103
5107
6124
2750
5065
5941
1603
7761
8923
6714
9085
9452
7455
7000
1098
3401
8252
7462
2911
