9081
3321
8260
1675
5621
4737
118
4847
1060
8281
4945
9768
9227
9475
7774
6750
4198
2462
272
2764
9444
1097
4136
5442
7581
1545
5460
1232
7780
4477
8730
7934
8902
2549
642
8631
727
3612
3644
3885
5788
2290
8587
7835
6174
5283
6113
1116
181
6640
1665
4694
1503
1400
5054
6934
9194
5341
4668
4663
6545
4519
3267
5283
3052
7863
2437
4948
4253
4374
6319
3614
9734
9181
6261
5004
1983
2339
2671
9745
5434
4324
9289
5195
164
6169
6466
4298
7007
6425
4015
4278
2618
8141
4171
6589
738
3399
6729
9064
4945
320
1425
1340
7136
7487
5324
8532
4669
4208
8936
2869
9430
9371
3992
343
2712
1845
3674
3527
7768
5042
49
1140
5309
