2909
1447
842
4736
1466
5006
3921
7854
2852
3058
358
3383
1307
2997
8555
4071
8650
8429
463
6031
4609
2031
4372
3883
1203
1544
2027
1627
2091
5323
4873
2181
6878
8778
2242
9882
3616
7328
6101
8785
36
7095
7788
7341
6287
5825
1082
7226
3491
2245
5675
2746
9658
9296
8185
4602
7771
9490
6296
8569
7883
5054
8485
8928
1686
472
1114
2015
5840
7343
151
2422
5036
2345
9355
6290
2611
3479
126
1214
7915
6178
4022
8287
2140
6508
2963
5712
3951
7465
8532
7239
3969
2789
5101
2572
2287
8728
14
6109
9820
1703
7761
3491
2546
9767
8454
5728
4629
8800
613
4911
701
8605
6839
1963
9849
4079
5783
8477
5433
6585
6609
9022
6496
