3751
3329
8406
809
7935
3772
1622
3628
9565
3637
3088
9432
3944
8361
9478
247
6065
174
4132
4894
1207
3134
7185
2685
9648
807
1653
972
4035
6798
2649
1768
3510
2964
4674
9569
724
2626
5369
5430
1847
6340
9164
2243
2654
1871
6059
2529
1759
7154
9613
7049
8952
6992
4135
8079
5343
4450
3863
2786
1005
9953
9126
8814
2957
3129
6218
6794
4420
9820
4392
2211
9941
7670
1984
2572
1216
8304
381
8300
8542
1523
7240
4707
9555
8857
1175
7242
5996
4696
6001
2215
4877
2199
2155
8623
2502
4588
7978
4490
6783
5405
4968
8529
710
2658
9492
917
8856
2268
8386
4503
8928
1711
4856
7314
5756
5337
6309
7586
579
8051
5150
564
1249
