1433
3405
539
9728
8691
1485
7942
594
2479
2880
6923
8442
6076
3107
4834
568
2910
7588
7762
8978
8600
2953
840
9302
3905
442
8268
1736
9957
7434
5176
6999
5519
2618
7846
5847
4298
9983
1095
4846
7289
3044
7400
8301
1726
2516
7105
560
5912
4523
4843
1177
753
234
7994
8197
6629
336
3267
8072
4276
5786
2041
5048
7369
5054
1262
7839
8886
2624
2199
43
6770
787
6550
125
7025
7776
930
2135
9994
2157
9971
1121
745
9507
3580
8708
9924
418
7880
5330
3814
9486
6378
3130
2071
8475
5082
6494
4591
2366
2517
9776
3975
8349
2152
4928
5277
9517
7117
316
7340
5984
2647
9017
102
8587
7671
6566
5489
9518
2724
1530
9123
