2290
8093
1035
9184
793
1736
695
5433
263
7484
2252
8618
3458
3748
6885
3472
9104
7966
65
8909
8008
68
8030
1956
4837
3148
4078
1832
2802
4158
1410
4447
3408
5166
2572
6234
7555
8033
6986
714
2723
4248
1661
1230
7018
3917
2860
8641
6053
2797
5866
999
9619
4906
9402
2838
6801
9842
9659
3975
2089
1172
939
2466
1825
7242
731
3241
7154
278
4848
6303
1947
8254
9247
4747
9509
9036
1615
508
9486
1235
2089
1070
2452
666
744
3613
2973
2691
8891
2399
3435
7707
3826
7665
5425
7459
5671
657
1781
1955
7880
1592
7170
2040
4187
2734
1050
1014
6928
8958
8081
650
9752
2405
682
5336
9839
401
3062
1560
9172
7861
6071
