1198
9560
5411
6470
8267
313
1905
1108
7197
4033
3213
2145
6309
6347
8170
5518
7193
8189
475
5093
8316
749
7614
1205
1076
1748
2566
2442
9734
2740
8320
3924
5967
4500
7825
8811
2402
6353
5567
4496
4825
7351
1162
3768
127
8311
9442
6426
815
4064
9230
8006
3173
9451
9786
3481
7986
4033
7519
3511
8136
6541
5563
89
9132
1183
738
6605
3543
8930
736
1665
9830
9955
2148
2909
3482
5981
8391
6893
4864
3756
431
2914
8641
6220
1336
1838
8474
9960
9714
7273
2516
4895
6456
1128
6106
6444
3044
2487
6329
6285
6962
4847
567
9440
3664
7937
4070
3704
6073
1284
6866
6536
3650
547
7612
9574
3165
4115
3211
3189
5439
5210
2901
