2452
597
1364
5612
4309
2443
6072
9529
8958
2110
4454
1624
5944
8857
7153
8387
2664
5071
234
3174
3946
2465
9457
8546
4506
8790
620
1334
134
7193
3640
5112
1178
7436
9614
8197
306
9705
6136
1316
4749
4502
4017
4459
3371
6070
9819
9684
9954
9045
2921
3762
238
3188
7717
605
3551
3010
8571
2890
6020
5023
5570
5188
3075
3689
7618
7866
7303
7333
7892
8878
4440
9836
6144
7650
7928
3856
507
6499
3779
8210
3752
8045
225
5787
1990
216
2794
3112
2913
7659
371
4638
7902
6669
3727
8720
4258
8762
8157
3505
3133
6151
3516
2539
465
8940
6378
1730
4150
9908
8024
1484
34
2558
6119
8572
1695
4593
4909
4342
5964
3739
8653
