9344
9691
7139
5621
9403
7231
2656
8794
7282
4097
5445
8461
4569
9159
6602
6235
6295
1171
5254
5078
2804
6858
3741
4230
9668
9083
5291
454
255
1021
7206
9628
3557
2637
7013
7252
8254
2008
6725
1634
4535
207
4058
1046
6733
8537
9690
5130
3973
650
474
8028
83
3026
7925
1492
7511
3817
7128
98
9430
3351
7654
518
2994
2065
7546
8030
3110
7707
3571
7083
9454
4530
7686
7401
3097
8119
4805
85
1697
1630
1706
3453
3573
447
7421
3613
7445
5334
8577
6358
1881
2857
6142
1157
613
4610
5114
892
7487
8859
5666
9651
9068
9136
4078
3032
9795
81
6028
8595
832
3232
6665
1760
1259
4581
4580
36
1152
946
4064
1692
3241
