5742
1801
6584
9460
2412
8352
6228
3694
2095
6304
8507
1991
3449
6009
3917
3494
9728
7692
85
6881
9419
9486
6440
7829
5010
4471
8254
5313
7090
3020
6437
9688
820
1278
9318
280
9207
2340
9946
9919
791
3365
2308
7322
7145
1719
8949
3445
2467
6163
8303
4001
167
1593
3702
584
9919
2598
8049
878
8322
3101
247
8660
5686
7954
5569
4341
4872
4284
5141
7695
8116
226
490
6740
9280
7881
7642
4818
919
7007
6894
6724
9063
8286
3768
7062
1733
3004
8574
2169
7293
5037
2206
1401
854
7217
9463
1103
9273
5646
7639
9166
7289
8114
1855
5921
12
9582
1958
1182
6026
8485
4288
8744
9372
1869
4551
9425
9231
7350
6932
1968
7831
