9483
5111
9231
3435
3157
9001
7893
6452
657
2039
2219
2152
7887
8186
2963
8567
3456
2952
6713
4044
2905
2148
9414
5261
1155
1608
8772
282
7762
6415
5059
9968
812
5087
5250
2318
544
6270
2458
1861
1282
7632
6547
3742
7319
8501
6741
8201
2068
3768
2988
4606
2609
2357
1871
349
34
9406
8847
8473
3239
2172
835
9811
8014
8402
4691
6683
909
5671
5350
619
3260
9248
941
5155
3303
8761
2940
9657
7700
7109
8141
8487
5099
6460
610
4013
8665
2171
9358
6070
5263
8729
6479
6354
6233
9898
6948
7419
1689
2311
6026
3984
1876
4945
2396
2887
3449
5096
8357
1440
5786
772
3439
2922
5149
511
9017
4738
3748
7864
8978
9957
5733
