2628
4851
6916
5708
8571
807
6170
3730
7830
8799
5264
6216
975
708
6749
2824
7044
2295
8798
9322
1136
1708
2398
3581
1193
6271
4360
3112
5538
8184
9369
2337
1061
2703
1118
3026
2957
5662
6719
7761
7808
7395
9084
2617
9010
9764
9427
9284
655
7424
6836
6063
6561
6405
8278
7224
4466
1747
5644
9396
3958
2987
6140
7443
3773
9523
2672
2292
7125
6567
9679
179
5237
8627
4292
6873
7264
5259
3766
8270
1555
9547
8562
4830
6509
4797
1919
7596
1821
382
4545
2454
8244
8494
8367
6408
3617
8489
2188
1356
5226
6302
8848
8743
89
7796
3751
1894
7961
5411
1578
8218
9242
3100
3024
116
4780
2018
9583
4416
3920
8357
163
2031
7968
