379
7288
3146
5977
679
557
5481
5997
4486
5035
8991
1658
646
5268
9835
6198
5989
2289
8479
70
3889
3138
1442
9914
4395
72
9092
8113
9084
6944
9696
7587
8939
4746
2264
3511
4233
6092
2543
7685
3076
9635
9379
592
1206
822
2166
9113
3384
2866
9881
2187
411
4496
754
7197
3588
7162
7779
6291
9791
4096
9412
8922
8411
7141
4487
9062
4754
2514
3990
2262
1697
5640
5061
9668
6957
3917
9190
6360
886
8841
383
5788
1323
5786
375
7612
5343
1970
5121
2354
1593
9929
3843
9431
6088
191
5374
9266
3639
9700
3252
8750
9278
1632
8736
1675
5527
1322
3973
2681
4605
7573
953
2629
8685
9433
6594
9519
487
2428
5866
8366
1671
