3078
1858
635
5471
704
2502
7646
3833
7140
5217
6866
7777
3980
5958
9716
5961
4119
4052
8856
5312
4004
1736
9089
5289
9151
2921
1831
6913
4798
4665
8384
6064
14
6260
5752
74
5756
2458
2997
5192
7434
3973
6213
2097
579
2288
7051
7987
9544
5445
1406
5898
6456
7386
5518
8336
6723
3130
6046
7383
7437
1635
8632
4700
5548
7929
6846
8913
7300
88
6880
7670
7671
5323
5671
7598
6969
6153
8280
2204
7834
3514
1652
7952
2330
182
5499
1289
5338
4891
2041
7007
2774
1291
9592
9599
3257
5167
244
1641
2309
9731
5677
7257
7920
608
5740
6303
1501
470
5793
9779
3688
8321
3429
1612
3302
5292
9849
5968
7640
9102
8211
8136
7922
