118
1215
3551
2926
1195
8824
5658
5561
7964
5743
1219
2349
6617
6448
2155
9095
9069
613
8553
5776
3610
5548
2638
9757
2781
5355
7407
1700
3216
7223
7063
7598
7848
6518
3903
1250
5545
3182
6090
4874
103
3983
5147
7957
6043
4137
9927
8260
6438
98
4527
723
4
8119
607
5513
3603
4449
4643
2457
9916
4630
4146
5691
7013
7895
4955
434
3352
4492
3099
6287
254
5631
1717
5075
3403
7608
8481
4797
736
6363
3658
1382
1765
2352
7297
2976
5941
3708
3540
2592
1446
6740
770
6881
7372
4228
5730
9943
6293
9919
7840
8118
7816
433
1278
4482
9723
9933
2364
851
8735
2572
303
4669
1616
3472
4725
8318
9319
2391
3648
3686
2030
