4619
8835
5737
9268
9697
1392
4761
7816
5850
5711
9245
9882
5411
8904
4325
9242
9802
4280
5360
6700
6535
8039
8958
7665
9763
4346
3926
160
3974
5792
6000
5996
9233
2165
5245
1721
8290
3466
6793
1904
3431
9065
725
369
4872
5207
6920
5691
3669
8281
2304
1264
3173
1491
4275
7882
61
48
7666
5316
6007
5804
4067
3498
348
1600
893
2224
5465
917
1676
2551
4885
1343
8674
2399
6052
3494
5812
4158
4506
3590
380
921
4373
5640
1496
9771
85
456
8221
6571
4539
8017
6355
2739
8743
2004
9257
8488
1252
2773
9186
8227
8249
8787
4278
6679
5418
6652
7505
939
3480
7118
3199
7211
4152
115
5796
4280
8743
7286
2465
724
3877
