7670
260
6242
1774
5594
6379
8735
5981
8591
5851
5224
8436
4537
2761
8567
5533
707
6142
7866
4788
1038
3822
9117
1063
5142
5843
3326
3710
7129
1584
1274
6525
4320
6254
1100
2966
8702
4222
9049
7082
7839
4779
8198
8167
9462
2934
2561
5843
2360
5877
1639
4815
4691
665
336
7121
506
6101
8152
1921
7241
5559
4263
6041
7726
4034
8175
4598
9976
7521
9086
8859
7325
5009
3452
611
1057
2363
2454
4861
7203
6148
3389
6418
2691
6556
111
3913
4927
3978
1490
7685
1278
6408
9115
1496
5516
2906
5071
4727
8100
6943
3986
8409
9500
5674
6219
6165
6480
1715
5268
3010
8680
9129
1923
2864
9315
4270
4144
8006
5040
6899
7012
9054
4250
