7089
1040
684
3285
9715
3421
3692
2465
528
6450
1205
6005
2234
4706
5136
2892
3844
6578
4354
600
6936
1421
6187
1779
4314
7356
8673
7625
7124
490
3574
1753
21
8651
8026
7389
9061
5379
9890
9097
5900
1624
2268
1123
4372
2537
9784
151
4616
8000
7394
7286
9944
7660
70
5980
3344
9593
6030
4379
9858
308
6361
6325
2496
4027
525
5542
3641
5085
6501
9790
2866
683
855
310
2622
5616
1214
1878
8857
9423
7002
4498
671
4681
642
7746
3651
3421
5394
8337
5399
6964
5947
1577
3291
9797
634
5164
4917
5370
2643
5093
58
3491
3422
6279
3134
3905
3633
9230
420
8569
6114
3579
2461
7802
3759
4263
9145
8997
8459
1640
2574
