1029
5481
2337
3269
7208
8988
3661
1527
6342
1697
7115
6045
5522
566
1024
3841
1881
3477
3700
727
2854
9640
2507
7108
5635
4867
6068
7017
6382
4098
3480
1645
7479
5520
4218
9518
1663
1043
8021
267
1121
4331
1598
2244
6842
3540
7980
2164
8239
801
6878
6918
7673
3444
3151
7139
1882
478
4073
1521
6584
1393
6970
2508
8375
9187
8981
5364
2607
9124
5173
1023
5851
3819
5393
2070
8246
9733
3923
1523
4623
4559
7562
74
7118
2475
9506
3007
2858
7488
4470
2266
1463
2489
3365
5033
3645
381
8437
9946
3460
8258
9966
4794
7110
7024
3317
3615
8743
6857
6970
5280
2535
7488
1945
926
6804
6287
2147
3412
5819
9301
5172
8143
5290
