9783
7715
56
7153
5810
9522
953
5635
3864
597
3181
6641
7677
1878
1130
5080
7768
1025
8656
6920
2014
5918
9677
3876
5524
5155
2183
9573
7117
3591
3015
6252
2263
5973
1477
9354
9372
2066
4964
7255
5986
6048
3056
8548
7591
195
1787
7271
9610
6323
6596
7591
8425
5748
4195
1790
423
1792
7286
7278
8727
9031
1404
645
1855
2972
7413
7906
1880
6537
2540
183
8107
3879
8338
8726
6941
4160
4097
9187
126
9174
9506
5535
5825
1646
522
3872
1501
6828
2509
697
1366
705
411
1214
2480
1966
3309
2074
885
1364
1321
7567
2549
6248
3240
3828
1853
7887
3849
779
44
385
1092
2643
544
8035
9575
4690
4451
1900
5689
2706
6369
