9086
987
7704
1442
1186
6169
391
5658
437
608
4662
5701
8823
7399
8421
625
1830
6924
2824
2720
6731
1078
397
5046
9880
8015
1005
1205
2380
5409
7970
524
9114
347
7786
3061
2468
9058
2006
850
8259
2071
569
7725
5895
938
9103
8220
1306
4333
9040
6407
4843
5610
9932
8266
7699
4464
53
6690
7695
8542
4855
1403
9421
8579
1140
4015
179
5932
8345
1225
8024
506
8621
473
4681
8634
3966
1305
8241
5757
3783
3523
8671
5099
8445
7128
4444
1668
6471
2234
513
5446
7393
5695
2279
3245
2756
6000
7770
3448
5077
135
4406
6941
1336
2011
4253
1594
9887
9283
7465
4951
7429
34
2176
4522
3844
2319
9814
8392
2561
72
4284
