4504
7483
366
315
9698
2079
7163
3268
2953
1052
6720
2579
6319
3071
6196
1189
7153
2016
9219
4820
2991
3186
1227
1202
7067
3430
8435
4966
8921
2239
3440
3631
7776
7517
1787
3505
3200
9064
7683
744
9711
9123
244
8567
783
9857
3877
5164
5647
2660
8753
5983
6517
8374
2107
7175
2892
929
3948
2078
8481
9602
8221
7603
8555
4784
2203
8136
1850
5738
5723
68
3619
5907
9549
6343
8926
4228
6127
7469
9128
705
3697
6482
852
7734
8237
9308
1899
495
3656
1036
8385
9236
594
7075
7274
2508
8649
5035
5541
6095
1683
8716
6059
7163
8892
1014
239
9710
6063
937
1551
7364
4238
9122
3645
6420
461
8389
4140
8296
3930
8226
8893
