1112
7262
1189
1282
7280
9226
3731
2817
7348
2041
846
1891
5054
5494
9721
2284
5474
1163
1665
3666
4039
6655
8288
4888
2349
8481
2835
621
9119
4180
3585
9454
6460
4684
7258
1466
1075
5601
8739
6836
2431
8260
303
2422
2990
645
8172
8849
6251
9210
9494
9314
6084
1523
5577
7947
3288
722
4366
1296
5209
5712
8085
9515
2386
7172
2266
899
6993
2016
6403
5349
3211
4709
1333
2594
3850
7422
7118
7470
5794
9521
748
7056
664
7064
2775
5096
3243
7956
3878
1208
6396
2305
7358
6650
6185
8177
6718
1259
1597
3901
53
6141
2926
7328
5341
6123
1309
8122
5691
162
5902
5756
2014
4245
7346
338
1016
5924
4430
6230
1143
8540
8060
