8352
9303
3183
9748
1038
4426
760
9769
3391
2412
6494
8031
5432
5376
7162
2631
4286
379
6644
9377
2892
6061
3117
5068
4881
8038
876
7311
3832
2471
8848
5675
5604
7740
7130
8568
1563
9027
8857
6935
1012
4086
3749
6654
3574
6409
9341
2875
6507
9770
7910
8537
4277
4471
8929
2484
6893
6161
6033
5205
1407
2149
1442
5723
2700
1350
7981
1490
1819
8487
1147
8852
7907
4319
8471
7422
6259
3797
3224
8795
564
1599
9952
9227
9632
3844
8909
816
524
473
9519
1557
1715
4730
3345
2131
6803
4801
5102
2487
9499
5575
3451
1714
6283
8035
7014
235
8848
2816
1641
2016
886
8218
7116
387
7559
1308
9636
4002
3107
3085
8603
5448
1921
