520
9033
7778
3972
6483
3369
1762
6581
9341
4762
2095
1017
5627
8779
4577
3080
2605
5211
592
2056
3661
1950
8951
8495
9571
1896
7915
256
5674
9990
8077
4598
3525
2734
569
1730
6476
1828
5570
3766
6505
1324
9506
3687
6616
3773
6571
6285
260
3407
3405
6274
5919
367
4770
6553
4387
5631
6254
7836
3616
8776
7968
3030
7796
9066
1959
1163
3518
5262
9776
4561
3576
5772
6448
777
1722
6491
6906
845
6418
1174
3041
4049
8046
1585
5215
5113
9484
9816
7577
4163
5269
1917
9381
8817
5110
2502
3400
6887
1954
9213
5223
2929
4450
8556
4054
3686
3370
7743
6283
6409
1568
4030
2427
11
9075
6922
2231
6259
9671
7868
4416
1213
997
