4171
5781
9935
1546
1518
5481
9710
9134
5816
4896
1551
72
9266
7970
9081
3547
2704
9482
2935
9529
6096
2847
2817
2957
5173
4645
629
6779
7908
8539
1997
5743
6020
4516
2464
768
38
5640
952
9152
5062
150
290
9424
5317
8336
5657
6889
1361
1864
9957
5450
9806
2712
6183
8933
3609
4162
5442
7435
6916
979
9518
2598
6027
3950
5284
1378
9398
3703
9181
8350
568
3378
1116
3471
2042
2723
7445
3352
4289
2922
2989
8331
3318
5393
5425
3164
3706
2200
4428
3631
7755
1805
7643
7150
9631
364
6672
9861
1375
2008
8546
4260
1985
8219
3962
702
5717
6975
4711
8529
5820
4332
9509
1031
9086
6328
4448
6161
9990
2132
8222
404
7259
