2111
5516
7812
7162
1447
6005
6400
5140
1627
6250
9974
5283
4773
3415
6446
6166
8334
7255
5057
8443
2478
5904
2632
4513
1465
4361
1605
9850
6108
8960
5667
1026
4026
4312
5811
5747
4716
4721
1022
4283
849
8807
5667
5600
4808
271
8963
7769
5594
7726
7053
1419
2216
6036
6366
3931
8317
3387
3107
8126
750
473
9392
5101
9904
8911
8178
7655
397
2133
7408
5096
9138
599
100
7983
49
1093
6587
3412
4819
4459
2564
2919
3815
6004
3808
1648
1601
8736
2002
739
1548
5658
3597
2883
5432
6641
7844
1475
9969
6011
6592
5787
2551
1733
6159
2808
438
7880
3667
4592
4959
6435
7906
1559
2244
6233
9960
607
5750
763
58
8497
3512
