6396
7862
32
5372
6576
3698
6652
2666
3701
5047
6429
2118
8487
2351
4225
6404
655
5859
2875
2327
7243
8948
4717
6119
5101
9635
1179
9292
7533
1164
7991
5884
626
6595
4163
2165
6891
1380
5661
2231
4777
4360
6133
9125
8914
5801
4224
5011
3630
3861
8434
5901
6571
3170
59
8890
9000
161
1631
5456
1160
5558
656
4383
6703
2945
6260
8363
1856
5223
5730
9720
7431
4605
5864
5532
5448
1454
2646
500
3285
8467
1903
7583
8689
7616
4518
8678
3954
8025
6858
5615
949
2272
1625
9888
6920
4854
7284
8461
5030
1577
2267
2588
3807
6424
5344
5042
4140
862
708
8345
9023
3325
6587
7144
7234
6688
7428
5462
6448
429
4654
5024
1093
