8030
7289
6380
6795
968
8774
5292
5100
6326
3499
9265
1740
9592
7100
9221
9574
8538
4631
4252
7793
160
69
2443
8250
3917
5168
8832
5770
8790
3108
970
9373
3885
4492
5805
9685
4533
580
6064
4507
1759
3156
3247
5069
3388
519
7301
7949
3759
1491
4967
7262
8624
2138
4780
6792
5668
2771
5559
904
2392
5183
3300
4120
8068
7565
6710
5576
8361
7274
311
7999
4856
1013
8738
9956
8940
7420
8510
7177
6147
3116
8906
3033
9239
9624
266
5395
9591
9209
1122
4852
6310
8712
4665
9541
3885
2176
2773
215
4401
9352
2848
8137
2020
6463
1996
8095
3736
6915
8206
9767
7374
2455
1160
9207
3383
3579
5279
9983
4789
3017
7790
5999
3182
