7046
2503
8212
2592
5838
5757
185
7395
2696
2693
1557
963
2041
3936
683
7169
5045
3951
4775
6836
5899
8799
914
9680
2997
8265
339
4031
6895
3895
9846
8852
2004
7089
6486
5405
6206
5573
1838
8097
5627
6628
4428
3671
1787
2067
6927
6833
5885
6371
6308
2248
5348
5866
1158
5115
2571
7030
9632
6740
5365
463
7944
2093
19
2881
3413
7405
2117
4972
5497
7711
4513
2342
2820
1273
7778
5757
7184
9597
8904
3762
8703
7820
3182
2077
3843
2074
372
6854
7918
2244
3399
6691
9252
4259
1132
9033
9115
7441
1779
1138
5401
3852
9129
3328
6030
531
568
5703
5004
6026
7718
5855
8819
8022
3490
471
8032
6792
4480
6558
4216
2589
1015
