1879
11
5969
512
9796
1514
3588
8977
5047
4171
604
3191
9236
2393
175
107
1764
5399
5548
9062
6435
4066
5393
7479
4736
6965
4286
538
1830
5077
492
8891
2042
1401
2955
4798
2460
9299
7146
3235
3809
737
780
9272
310
1653
7577
244
3288
9882
3988
248
1803
2612
8139
6668
2033
3602
6369
623
5503
1523
6574
9828
9913
8352
3087
471
5918
7361
7645
5402
2831
7646
9661
6176
5872
4175
5104
701
3582
5214
8884
8590
3685
8903
5903
7797
7304
3567
787
7939
2751
4689
3792
133
1052
2553
6846
1812
3788
9583
6522
6794
7400
8787
4940
9593
999
9545
5765
5922
8443
3700
2
4797
2232
5844
6303
2639
5081
3905
9486
6885
4839
