1952
8343
9998
5005
5202
1779
7910
3016
2516
5712
9835
5097
5988
810
8595
3441
306
9404
5493
3440
4053
3608
5788
5805
2419
1640
5527
7503
1784
802
6025
135
6804
827
5796
3733
354
9284
4899
6251
6018
5046
3261
6093
5751
8574
5795
7755
7929
1790
7421
4271
967
6193
3883
223
9373
5554
3824
5827
7367
3710
9757
5256
7088
7596
6323
5894
8688
8211
4289
3548
8770
5277
675
1491
1620
9809
3901
4521
4346
6079
7246
3856
9385
8573
9742
1532
5362
4400
1775
5362
6729
4513
4475
3904
9222
5495
9157
1629
4150
8637
7847
2470
2209
8522
7320
1918
1100
5815
1639
7392
1259
353
4581
3726
4150
1445
2388
9736
8529
7230
4639
4680
8201
