7541
8220
6935
42
4159
7442
9681
7856
1953
2708
3378
7358
9781
5265
7304
5337
7463
1050
6127
5365
1652
1300
234
5195
9102
1033
9138
7443
692
6101
5775
5292
3671
7185
3414
8021
9911
3716
5333
2763
4192
3828
6937
3366
5702
7284
8340
3816
5154
6681
1149
1027
6900
9189
367
335
5925
6600
9690
6097
8134
8613
4464
7793
6114
7971
4104
1635
3618
5249
7851
7690
6821
1436
163
3109
689
4533
4790
211
1970
5650
8320
232
7257
448
4863
4079
5611
9605
534
9864
8249
9142
714
9966
2673
8824
7255
2949
6833
568
2633
9442
4076
4191
6921
6230
9279
7611
260
8629
1009
7108
7611
9761
1034
3116
9365
9794
619
8288
9238
4623
8493
