4219
8137
9466
2534
7104
5300
4228
5668
3084
354
9382
1962
4865
9747
9368
4392
8877
8962
8361
8829
1536
16
4424
5860
7512
5064
4613
9535
3165
9640
4413
9541
8919
2820
5789
3108
4284
6735
1551
1577
5214
1809
6239
6805
7012
8304
3359
4352
6737
2459
6611
8720
122
6345
9957
7311
6662
4069
5698
6668
7023
5265
6059
9009
4020
4493
9740
4136
5574
7098
1970
1683
5724
2385
1183
4231
4178
146
1068
7708
6152
8182
1879
8210
9621
1517
9615
1421
2738
9394
7192
5224
8761
5673
7730
1710
4693
1676
3079
3589
2316
55
4322
5247
8960
792
5234
3457
6693
5035
5746
2598
3233
435
5564
2042
7339
5112
8764
6816
4855
981
7748
5429
469
