202
4930
3884
9104
9174
2475
7536
4598
449
1658
3143
7508
420
6132
1186
4188
7961
7063
3331
1845
2014
8972
4027
4072
125
2955
8355
6835
477
26
3286
8315
3662
6052
7789
5496
8929
3532
7157
9747
8695
8975
4393
4476
1744
4514
325
4180
4689
5381
3087
955
1459
8415
7918
1106
9678
8206
609
8508
3877
5273
7478
741
5189
9263
3923
3211
5771
9457
8763
3633
5089
290
7331
2618
8264
4819
3861
9724
2950
3500
5140
8553
8590
8003
4666
8983
7646
41
6500
9936
1505
729
1721
8295
8129
9880
3281
2226
9764
6877
5002
1492
7377
9903
4148
3683
6827
551
4094
6752
1220
6877
143
9458
2443
5836
5703
5580
2744
6136
3611
3605
3514
