8127
1115
6769
9916
2013
7487
9540
4218
8311
3764
7528
2928
6624
6145
8428
4106
9077
1026
5457
5496
1275
194
7840
5951
3580
5841
8407
6710
2372
7806
7969
5923
3649
4525
2950
1968
6455
9953
6395
2835
8904
4600
3860
6313
4658
9324
2066
7309
606
7183
8279
5827
2967
6969
8892
1299
8350
5176
7401
6254
546
8315
8238
9323
315
4275
5275
5469
9514
2941
972
1112
6301
8729
1347
9994
5697
8429
1819
3057
4673
9963
9650
9567
1487
419
8475
2657
8758
1773
718
6646
7216
6316
1520
6472
768
4191
5116
8925
641
2843
8776
6746
7789
8904
4152
3458
8523
1851
1829
8338
8011
560
1049
567
6231
5582
5725
9311
8918
50
3481
7782
6292
