7258
9165
8804
8396
5932
8971
6461
692
4917
4890
1349
2459
7741
6299
1923
9312
5334
2706
5568
4704
6373
386
3597
6253
1857
575
1827
7537
7149
7098
3118
484
9647
2204
4387
3151
6513
45
8995
7922
8163
2734
390
5851
3569
1913
6164
6201
6678
726
7854
1142
2634
4138
6217
8167
2115
5265
8342
9681
9339
6754
494
6663
7593
5201
2558
3814
2546
9181
7835
6275
7328
3014
8787
1438
2672
5516
3713
3596
4803
9284
6105
4987
6171
8814
460
6034
8850
2525
6714
4419
7781
3956
1745
7583
4670
155
2544
5721
9993
2778
279
5948
1075
5267
4193
7624
8867
1438
4662
800
7330
3521
6156
773
9909
6228
8083
4901
1932
9488
6202
1078
9061
