1291
6924
2570
6339
8880
9834
3281
1525
5183
6021
8332
1284
3137
6911
9832
6629
1605
388
6500
8703
6040
2357
5843
3170
6415
2023
495
2571
145
9769
5249
5084
5148
3765
7036
746
6859
2033
6647
2927
7381
8824
525
3009
290
5495
5674
4749
4129
806
8297
9950
880
8212
3479
5898
9629
1672
4312
4935
673
6346
4557
6343
8421
9440
101
2858
1054
1139
6793
3097
3332
1089
7998
719
7697
942
4665
8154
6123
6927
8632
4314
3751
2719
5110
4316
1872
7996
5253
2006
6663
6949
9926
1765
6915
2274
9393
1251
4354
4730
5725
725
5147
2720
7420
8778
4426
2616
1499
8750
9648
8747
6524
9490
5430
2254
6519
8729
5650
4820
8700
5590
8342
