1159
2005
1065
5253
4504
8467
6685
6861
7351
2146
5508
5928
9738
5597
9184
142
9025
32
4819
6406
7845
4800
5202
3544
5643
2380
7799
6112
7502
1220
1898
9025
9922
2635
8864
2389
3199
885
3198
9997
5407
692
4153
5569
9747
8309
5563
3115
6475
1107
9525
6097
3078
7415
7329
2402
8730
3466
2717
8046
8013
77
9177
7852
5282
5862
7770
2380
4992
5136
5653
3526
8119
26
4111
6212
2381
267
8060
9414
1916
3162
376
160
1391
9019
9291
9517
7563
4843
2660
4731
1035
8442
9514
9822
1208
6353
7336
5369
2903
7513
4153
4924
5526
9140
4888
9138
4420
9678
7219
286
1554
8656
9966
5632
7424
8386
3303
4104
7402
9875
5207
3176
9149
