7976
5211
7852
8337
4089
2353
5867
2357
7026
4184
8005
7797
6785
108
394
9201
3494
6464
2455
4801
7553
8503
885
2774
5359
154
8483
5607
6684
1341
5168
4329
50
2483
8394
6619
6763
7446
9394
4112
3073
6449
442
3689
7675
919
1210
1662
632
1753
738
9810
8064
5800
7780
7691
9795
4457
7326
6822
7631
304
6216
7545
7908
8296
4746
286
2391
8016
8206
4866
7025
5634
9803
102
3532
6941
5884
1423
8984
5635
1504
9177
1956
5178
8757
7610
170
5136
2969
4467
3528
1871
3276
3364
9524
8936
9089
2918
7530
2933
3908
1261
5020
3735
7871
3938
5708
3517
7327
2013
6799
2897
2353
196
927
5823
4826
3338
9482
1410
5493
9682
2820
