2529
6108
9628
2186
2786
4060
9844
512
7005
3712
2026
2491
2551
8811
475
198
5564
7698
2356
8307
3902
664
2542
7377
8518
2527
6945
3322
3181
3762
7252
266
8198
5363
1778
9704
2276
8125
2917
8028
5593
3992
5284
8611
4246
2991
2091
2695
4666
2585
994
6939
9739
1252
9558
6152
5910
485
7272
3444
6922
9563
6706
4324
8527
4179
117
9648
9038
3774
6871
4752
6300
6540
5561
6324
4992
7916
8490
1143
5429
1673
3323
4265
7650
6378
3600
8784
3925
5373
412
6491
3865
8846
1723
4184
1000
2761
7069
4807
3054
2648
3422
7787
3514
5274
2214
8974
544
8202
6641
7746
5306
1066
6767
5651
291
2402
4782
5735
463
8895
8396
1492
682
