8312
9495
7339
6872
7263
2879
9957
9689
907
3049
335
8555
1668
1212
7864
3138
1676
4559
3489
9401
9828
5245
4626
9782
2552
88
5153
2367
9290
9373
5042
4682
7760
8400
6469
771
8675
5606
3847
4844
1171
7347
5480
9948
6025
5761
5534
3039
4449
8891
6024
7989
1349
5490
3145
9609
7552
3149
418
2515
8425
7667
2576
7740
8080
9368
1082
5124
8621
1097
8822
1788
8856
8941
3447
731
5065
7599
2011
1610
1904
7517
9175
4048
6230
8466
2121
1318
4462
4051
4615
1601
6959
5788
2960
3782
9285
3892
7812
64
447
7786
6196
5120
4998
9587
1223
9189
7907
7485
8593
1123
8556
9109
6587
6641
3870
9925
2764
2756
9878
9908
1701
3013
4542
