6129
2902
613
1648
3962
1071
2500
6058
1079
1857
3401
6187
1716
5420
7372
733
4375
331
1285
1444
4043
2732
6135
9355
8031
6264
7197
7946
803
9695
8727
8501
9721
5649
4073
1558
3428
5682
7640
158
5926
5189
8556
9632
5026
7509
3963
1602
7596
1287
9926
5993
3499
7135
81
3777
3754
2346
2697
440
6414
8542
6934
7946
8127
1160
1641
2226
2720
5143
4648
3116
3810
1633
2219
8987
1146
2257
8308
2715
7589
948
5461
7560
3221
4919
9170
2372
6650
7355
4541
5913
2307
4388
8666
8471
2652
6652
360
8131
6590
7618
410
6580
6094
1727
1461
7603
6648
7442
1457
2049
7016
4266
5509
2301
5846
527
5286
5303
3916
1545
380
5906
9802
