4352
8738
8045
4333
4122
3758
7842
7563
4589
8694
3404
9563
9561
8065
965
6358
5354
3363
5583
8023
5888
3320
932
1014
7193
6987
2239
835
1158
8210
2269
8890
954
5341
7430
3351
1668
8792
7990
3156
6579
9909
1939
6207
4110
9431
1546
3428
4616
7584
6910
7647
7360
692
5564
3501
5502
3085
7943
4822
557
5397
7995
9465
8097
9608
9183
2589
7780
5737
901
9641
3524
7611
774
6287
9549
6905
1443
9137
8875
9132
8926
951
4044
4166
6472
6319
3165
1030
1448
3838
3750
48
4022
5405
4750
5953
4637
1162
8826
5154
6427
1034
6183
6586
7181
2467
1556
4908
944
3946
3631
9539
7896
7734
2877
1049
3984
6837
2902
1307
6282
2767
6043
