1295
183
3015
9717
4524
1711
2323
9759
9206
3490
539
2838
5563
5347
4658
1433
471
7340
2604
4177
5300
2623
6877
9187
4495
2544
6085
9563
315
2127
9150
5755
8716
3965
4643
2241
444
847
8750
7217
7345
8582
2367
7295
9513
154
1521
7034
8291
1497
5624
806
4080
5826
4130
6281
5386
6081
2207
3709
737
1960
6084
4146
7198
1170
9989
8113
269
733
5066
790
9759
622
1507
931
8371
965
7235
9149
5233
1887
4289
7732
3805
7127
6760
8436
9234
4649
452
6786
9567
791
8088
365
8658
4552
4498
1181
3751
2380
931
8358
9796
1525
9607
6753
3942
9486
3887
3192
4999
5523
6248
4644
2720
5307
8125
5258
9229
4324
5621
859
2509
