1277
3931
4356
7013
5195
5094
3997
2187
8340
8032
8930
9069
7390
7059
8758
7007
7225
1602
1496
4205
1281
2026
9709
3286
3309
5413
7844
6181
4559
2206
3970
2523
5248
5891
1267
5681
8931
5501
6737
8275
7724
8367
4789
488
5363
3880
2116
9686
1055
8227
9748
7796
9373
7640
5766
6521
2745
789
9344
138
6577
7269
9670
1758
4150
9031
7956
3165
1656
2814
9845
8587
293
4035
212
7688
4263
1058
2653
8646
3230
215
8913
5950
178
4663
226
5416
5325
8437
8660
9179
7899
9215
4834
7608
8772
6439
4569
9670
2930
9217
1236
9390
7756
8953
990
9175
8698
3094
5762
1433
8021
2341
2464
5133
8573
7732
4335
8687
4957
3818
7682
3095
9006
