1996
7515
5170
791
3390
4157
6340
9016
3783
6368
9214
435
9490
3307
8177
9993
4027
4025
1210
5314
7587
5361
5510
88
3920
917
2978
2061
9618
3797
7638
4383
7279
3080
241
3134
7014
5402
9261
3406
3479
4773
1675
6750
4414
8166
4864
1177
9775
758
6554
7105
1277
7522
7655
2729
2160
4436
4037
6468
7621
1025
872
3204
9029
401
3071
6218
9477
1905
3477
7545
3080
7465
799
4861
6558
3574
5878
2402
9560
4649
4723
8310
3579
4306
4132
9240
7979
4823
4205
5138
435
6134
6194
5509
8844
8346
4097
272
6586
735
3976
1005
9540
2390
1075
6308
1166
5415
9667
4175
684
2681
6311
5283
7493
9655
1572
7541
4415
4791
7978
2200
1493
