6602
1584
1739
2892
122
5555
4890
24
669
6693
3799
8433
4028
7245
539
5004
764
2201
5406
2924
421
7274
226
483
4401
816
4943
2532
6768
4541
8266
9120
1335
8552
1679
2472
3713
264
3476
6365
3458
1488
5693
6607
2259
3086
213
5246
3317
4178
4659
6109
4510
2795
813
8656
6713
500
5787
1505
636
5381
8625
3057
3390
9668
7484
5748
9739
3179
2579
4518
8312
969
9671
3461
3944
7355
3599
4718
2352
6772
2649
5753
9661
5851
1787
6151
445
9979
8476
655
5025
390
2318
771
2257
5003
614
6314
3646
249
7734
7238
6008
4009
1237
4162
3814
3059
4565
82
590
4264
8310
7133
7599
4039
3993
3014
3853
7162
524
464
8282
