9861
5403
8207
1656
9530
8446
5339
3355
561
4275
3445
3801
8497
9887
5072
1535
8296
3121
5458
2327
4969
1933
8043
1491
6932
9178
4746
5074
9918
2438
216
1832
1923
4868
5773
3735
5259
7739
8981
1122
1921
3524
1475
9181
944
2613
6520
8267
3715
2642
3118
8849
656
7699
4568
4333
6000
4938
7795
7506
5185
1756
9408
2174
7496
8327
3204
7474
8110
4486
9539
9346
5268
3229
4309
9230
2225
5899
2717
9238
1626
6956
9083
2055
9672
1632
1025
4342
9985
3145
4831
4725
4332
2673
3469
6971
2216
1109
9525
1275
4969
9959
144
4071
7224
7708
8555
9362
1311
5072
7573
1440
6748
7151
921
7343
7210
243
2746
3447
7640
3771
1669
6045
8305
