3248
4150
2329
5513
8876
5019
575
3924
4705
7849
6593
5569
2135
4841
7492
4210
8643
5925
6307
2698
5766
4169
7239
2209
9243
2206
3808
3012
3000
6316
6108
3046
5943
1307
9972
4849
1015
7845
1052
5527
6195
9243
8487
1043
9839
8881
5527
3638
139
3476
7434
3069
5366
2515
5365
6621
4109
4219
293
1330
1159
288
9820
8213
1881
7284
9757
1563
1786
5279
2386
3851
1808
1254
8102
818
1052
1723
3414
4673
4726
6036
1813
4131
6033
9266
2629
4250
833
1728
9951
9475
9821
3056
7943
5353
7136
9265
5101
9012
7339
2870
8178
1346
9213
5976
6233
259
8102
2898
3915
9761
3666
3091
9616
5359
7548
6500
6575
2862
3438
6887
3542
5
7432
