7444
6114
2783
164
8246
5621
9256
9423
9463
7687
1726
5857
4363
881
7879
6171
3684
907
1268
7742
8776
3125
8257
7020
4002
308
6197
2792
5531
2788
715
3092
5122
3479
5989
7001
1457
6752
6600
6457
8468
2874
287
3542
1518
9880
7119
236
7198
4816
7922
1227
4449
7496
7458
7271
5932
6630
849
4473
7966
5256
8769
5436
115
1216
9255
6241
7142
8481
47
6466
819
569
2163
7466
6178
6006
2496
6790
6620
1310
4640
5132
4660
8653
553
7278
4927
7291
7389
7232
1615
607
9684
7297
6696
5731
355
3778
4485
9598
2275
4244
582
3936
7211
2761
5223
6694
3046
5779
1944
626
7256
6296
6505
6901
2717
2684
2541
4447
2904
7803
3495
