2150
9878
1084
4592
5456
9007
554
2521
673
8533
1773
2010
2733
9025
8309
477
1874
1688
9898
2314
8649
1323
1758
1907
9622
9338
4769
1410
8618
6384
2423
1573
3977
6399
4866
8252
187
7863
5272
6938
4465
5044
933
7055
6097
1737
3499
7642
5074
8826
8446
5109
709
151
176
8368
9643
6356
7315
6449
4720
6412
4576
465
7157
2063
6538
4431
5720
5126
5622
3449
922
4564
7962
3325
4334
3096
6288
5522
5522
6290
6712
6936
3197
1832
384
4752
9129
8541
894
3923
6787
2565
8483
4219
7824
331
1442
1318
5402
9043
2604
3617
1571
345
5604
6431
8760
6989
2052
5433
2358
5670
2182
8906
9951
4975
7221
5483
735
1338
644
7682
5827
