323
9862
2725
587
7279
890
331
892
6503
2426
2297
9118
4400
2309
3992
6100
8335
3088
3888
2797
3665
7866
8641
1606
8698
9423
2420
1123
5526
9589
9248
9562
5639
4736
9560
2923
7384
9631
983
129
1207
5031
8206
7599
9691
9966
8482
4247
4967
5307
40
9528
6635
1859
7370
1316
9107
7093
261
2855
9444
328
8562
1520
9214
2290
3863
2879
7279
3158
364
8751
6681
4642
6284
8484
5059
2975
4109
561
328
9808
225
1795
7721
2058
5538
943
6583
5657
7886
4369
2101
1497
1724
7743
118
5878
6074
6235
9825
3981
6818
5154
7662
8102
2384
7552
7194
6239
8614
4593
2513
8851
6152
7738
7914
902
4007
9826
6450
3965
7737
2090
8164
