2993
2114
2606
5301
7879
3920
3893
2048
4910
8761
8642
4857
2455
3249
6762
1038
8765
8725
8196
2891
8135
8404
2970
1635
6964
5440
891
9351
4284
6796
5881
6548
6805
6036
470
4994
7105
4463
93
43
900
9407
3963
4774
8056
2786
4440
2282
4599
2315
7228
4305
6059
5605
2755
5532
6992
6193
6572
8966
7987
6035
2126
7504
5445
4355
7373
1930
6834
3901
5336
6901
3253
9323
5158
1457
4109
2014
7521
3265
2305
9833
3813
3089
208
8280
9337
9125
2604
5752
1007
6531
8360
5254
4093
919
9666
4174
8461
3696
8690
1349
9205
1156
8307
9589
3053
9190
3374
951
3246
2407
9785
8444
581
7073
114
6580
3638
1638
3847
4063
1597
275
320
