4865
1136
965
4471
9635
724
4122
7432
9226
2489
3906
9721
825
4103
5010
2714
7534
5457
4541
8145
8103
9219
2066
3606
5487
1210
3505
6644
3771
2296
4457
9164
7778
4929
916
5647
9617
9135
8996
561
479
9789
190
9407
2141
7847
7775
5452
7605
2113
8611
7610
9618
3034
6460
6902
5031
3181
3646
1033
9830
1019
2888
5368
5260
3389
7601
3489
7570
9608
2085
6919
969
6442
9681
923
7295
6936
5536
2724
6788
9708
1974
607
7142
7422
6962
3875
427
3245
6943
8615
6722
544
9828
9433
3110
4065
9461
5724
8306
792
1520
5925
5445
2820
329
5462
3886
4591
6803
6850
7972
5609
5734
9043
4761
2496
5967
9366
161
8326
9880
2922
3521
