5181
990
3877
5923
1705
3608
8032
7106
5067
585
1458
3751
3511
2958
3019
366
5776
6367
2619
6181
9645
6698
9272
7975
1490
3863
88
288
8863
77
2593
8353
4175
1543
50
5833
1822
4088
7765
7142
5494
695
6207
7165
3733
7026
2317
1973
4609
873
3735
6444
5212
5398
4023
436
5315
9818
19
8644
1650
2044
3551
7857
2053
5186
3610
3948
8211
4463
1317
1626
6165
8991
6696
4953
1356
1282
3567
9316
4833
1321
7239
6465
7912
8563
3790
535
8927
2658
9845
7065
2303
7610
6536
6442
3462
8146
6809
6883
6547
9466
3082
345
4734
4446
4797
273
5251
2710
135
8627
1484
7756
6413
6897
6891
7436
9080
289
4182
3659
5083
8685
7948
