2133
4343
1031
353
3477
9925
9086
2147
7222
1364
8134
4345
7122
4924
4876
232
1899
2786
8910
4054
1926
8312
7258
9761
6785
9549
7029
1563
142
9514
9916
689
7805
3314
9198
3030
9970
6645
2969
4582
4843
911
1993
4995
8121
8815
8012
9455
7513
7477
2480
5713
6319
791
3758
2024
1724
3112
7388
724
7985
2890
8575
2036
9551
8511
3029
2796
7092
3181
2720
700
1909
4264
6646
9197
3517
1155
1615
716
6987
1830
8057
7390
6584
762
8804
6420
6513
4940
9172
5534
3861
6000
9365
2695
6219
5257
9641
7621
5941
9096
1878
953
2270
5317
7016
4004
2164
6374
3587
929
9766
6369
6471
7873
6548
3146
4562
3392
6703
2234
7290
3635
174
