5638
2071
5368
9718
5811
609
1754
2588
4042
3529
9864
886
1939
533
4363
4019
7763
6975
7514
886
2893
8560
5786
5324
9790
5491
1468
2181
8304
6442
1455
6048
5147
5307
4467
5257
1279
5869
379
417
4
3189
8633
6260
3071
8878
573
538
8710
9495
8318
5779
5009
6285
4197
6533
6002
6197
3694
8869
7070
4464
5660
8015
4262
6385
9103
2354
8871
4080
5422
9325
5205
9811
1123
8661
9389
7013
966
6354
3376
8516
8172
8548
1481
1576
4819
2644
332
3943
6613
9264
2150
7610
1955
3631
5592
98
4836
5111
2743
129
4967
905
8484
1810
4643
7839
2975
6363
2985
6982
9819
8595
6329
219
8518
7729
747
8076
702
1177
3016
1960
6546
