5122
2621
4361
4311
1117
783
1556
1500
1776
816
6986
5398
5393
7995
3280
2595
8115
7988
7196
7127
6348
4750
2403
9311
2536
3695
9088
7673
7780
3010
5852
3656
5934
4044
3445
2120
7634
1256
1350
7846
9001
2424
1440
9441
6306
5313
5560
4224
5996
9138
1016
1186
6876
2622
2863
1906
8116
8601
3029
9451
6720
7316
9252
80
1475
8298
1595
1965
9312
9086
8846
7546
9980
7604
4323
7659
4038
5821
709
3550
4697
4673
3050
5847
4250
2313
827
7218
9551
5939
6373
18
9970
1622
4532
7561
6932
1777
1445
9609
43
43
7099
914
4722
8394
6319
3361
5273
8923
8937
89
1177
874
5716
4211
9921
453
3325
3521
980
9500
8242
3659
1547
