9748
7128
8243
6149
8684
9452
3966
4694
8775
4345
5319
7023
1750
3948
9955
2727
9162
7345
4550
1190
7406
1079
9719
4521
9355
2837
8368
4780
8286
9492
905
198
2705
8952
4016
9204
7029
4507
9146
3795
5358
7563
9312
4217
6184
2860
9711
3601
2203
3024
2345
7863
5838
9081
9578
377
6404
2006
2699
8847
6944
9812
5450
2429
3897
7281
4973
9165
6341
4699
8118
1548
1228
9149
6937
2063
199
3169
3224
8780
7236
6308
5659
4546
2895
4085
4911
6278
1101
8919
806
5860
3164
5258
3828
5228
1615
8338
8113
4966
9054
2724
5313
4303
9338
7070
7893
8673
7466
558
5910
1691
9349
7781
5440
9776
2648
458
3542
6117
6202
7661
183
9075
1785
