4513
3210
8632
5022
506
373
9758
8812
8653
4001
6196
8626
8227
881
5919
4702
7140
6911
4089
4390
9268
576
9891
1103
4726
5675
6543
436
6379
9816
6080
900
3455
6160
3257
9369
3339
5137
3448
3745
7919
7462
4730
701
8327
8719
2708
5394
4441
6656
9935
5351
1379
1932
1675
5607
3811
6351
2515
3438
2967
4584
5954
3565
3506
8715
1400
4307
4254
5326
6718
5996
8072
2329
5339
6696
3736
3616
8712
7696
8640
2858
6931
8555
7727
2973
2951
8563
5352
1940
9287
121
3450
629
3113
435
4425
9924
2580
7454
8810
7316
9791
4921
5341
3237
5427
4663
5578
6426
6787
8195
9600
1736
5925
9610
9163
3588
6549
171
6718
2828
3508
3226
5904
