7276
2229
3912
6
1518
2099
4507
919
4666
8734
2593
7232
6788
6729
3522
2481
5056
3588
6692
3685
3349
5622
3598
1222
720
7505
8901
5522
7738
4352
407
4603
1470
2806
6269
1871
6049
7956
5895
9835
4420
402
4132
6400
7867
3554
2466
6040
1405
2758
4218
9546
357
8157
4686
7215
9490
4190
7004
1795
4832
956
8974
8836
9505
2733
91
8827
8075
5169
4449
2189
7989
7824
582
8557
6429
9525
8164
7381
8041
452
5986
9283
1645
4528
6364
9060
8223
5515
9543
3451
357
3851
1020
2407
8498
7123
9626
2497
2443
4634
748
9239
169
1070
2882
7629
5583
784
3646
5176
5979
277
9726
4863
4022
290
4866
7706
6352
4100
1221
8593
6147
