8391
1900
6416
490
2199
2378
6931
8189
3877
8975
2278
8369
8045
7290
9189
8606
3916
1364
8792
1688
6879
6936
7521
725
6898
8827
828
279
645
2178
40
2043
6359
6758
7964
1543
7890
5722
7221
5160
9654
2151
4776
8012
3532
4646
8403
9857
8874
7698
1275
8290
3146
6631
4991
4809
3545
9947
1829
4700
2923
6593
3339
7938
1083
8816
7108
4896
454
6536
7612
4803
5364
2614
3741
7598
3718
5661
6351
9691
5010
6686
3598
5678
3120
6290
3572
8591
3667
8044
9932
107
4824
7590
9216
4615
4781
7955
7382
6922
800
3297
4047
9489
6810
6386
8973
5000
7869
7378
7858
7659
3731
1409
6199
9253
4046
291
7069
8781
1419
5123
2186
7226
5977
