3942
2434
3113
5542
3431
8388
8513
3137
8518
5241
7383
1235
7816
6340
3727
7270
705
6289
4719
8879
6687
6139
5786
5245
9157
3360
7516
1265
5425
6677
6852
5856
4703
8647
5473
1000
3831
3086
8654
3072
9494
6126
3257
3779
1662
3487
5072
4226
6128
6178
6358
8878
9328
525
8498
2577
730
9855
2148
8296
7577
6251
2924
8803
9022
3237
248
1899
3606
7773
9176
6134
4334
9530
6996
7095
3772
5802
7786
2761
8902
3906
9741
4374
8217
4401
6289
2797
1778
8387
5469
3314
9615
8224
3490
7848
3541
9572
6957
4352
965
7681
372
3865
2020
8316
3777
5485
6355
3290
9479
3260
8410
3575
3909
3062
436
9079
5165
1827
5563
9
9563
8573
2392
