3459
583
5993
2794
3362
1193
2598
5936
3858
7101
1662
9972
1880
9177
3921
3475
969
1805
3163
1353
3839
6612
964
8629
3620
6193
381
7980
9209
5730
797
8929
1475
8413
8694
5402
3523
178
8570
7657
7999
1368
9040
9267
4460
8736
8536
9077
3846
359
642
411
4163
9754
1182
4575
8271
2219
8921
4473
5305
7745
1003
5292
5276
7729
6056
5666
8503
9096
4282
5064
8101
1483
9925
6594
6306
8087
9098
382
694
7942
3994
7410
719
8266
4352
6904
437
4262
6796
386
6568
8366
215
7821
5442
6847
3682
5348
7130
4643
4912
6932
3331
9274
5150
3670
3182
9580
9831
7191
5942
9824
62
5835
3049
9965
3440
4543
3503
8725
981
8408
4182
