3385
7391
9416
2660
4827
7420
602
6810
9544
3755
3711
6889
5861
7774
6296
8907
1456
2306
3182
611
2781
7334
9801
6219
3002
8753
1964
2129
9082
1449
9955
4664
4739
8254
4026
163
7479
4212
4844
6257
3457
5089
578
1072
4953
2740
3966
1208
2334
8735
4722
2485
867
8475
7888
9543
9537
239
604
5425
1886
3094
4108
3731
2105
2647
3928
2820
3554
5490
8905
2431
2794
5286
2758
6173
6289
7493
2053
8531
4447
8343
4718
9695
9544
5874
1898
6517
1550
6865
1641
315
2881
578
1465
8165
5074
267
8620
4494
5965
1726
1235
1307
5226
5823
2982
3010
8135
2743
547
921
3932
8597
5077
3542
9180
805
4519
619
4994
6650
3738
7311
7133
