799
3299
3827
2727
1835
9996
7428
7175
2075
7475
8443
9400
9473
7273
2450
339
4108
2045
8894
4495
2789
5860
2978
8609
3075
1459
8206
2237
8441
8996
9388
2065
1287
4870
2671
2339
9571
9317
6517
3827
5048
9867
7077
4055
9792
9785
4440
4876
5250
8557
2697
6203
2285
373
4057
6778
6420
4191
4518
1887
1657
9125
8257
3746
6729
2526
9928
2488
2650
3414
8838
1368
9043
3241
4068
3237
1169
5638
8025
4733
7238
5417
6494
952
5086
9877
1543
982
1861
1797
7660
229
188
2571
487
8557
1423
9056
2721
4320
8364
8139
3554
414
7748
3242
8799
9239
4855
6348
8990
4382
9493
39
5046
1535
9013
9238
2071
2072
4013
9703
2767
5427
9847
