5870
7589
9347
7694
8517
7681
9667
4068
5812
8088
5947
869
1217
3419
1907
8750
126
2452
8322
1397
1833
484
5157
8939
4420
3761
3176
7284
9169
6879
7520
9408
8018
6943
5530
6040
4391
6050
4196
870
9815
3228
9993
2139
9745
4589
5393
9747
9651
1271
396
6848
6969
7346
9600
8661
8299
8084
2517
5011
928
4258
4077
3256
7626
9080
6931
2730
2161
7898
6949
6940
4402
9125
2049
4545
889
2382
3187
4518
4142
9086
5803
6551
6037
7596
1730
8845
7555
6176
1737
3224
6136
9044
2490
5754
7545
5186
2944
2682
5785
1362
9155
739
5556
3512
4241
6341
5638
3167
6445
7465
9424
5087
8339
9910
2007
9197
5824
1690
8697
9552
1197
6166
2380
