3895
7181
4011
399
4260
3455
6709
315
618
1282
2650
659
2210
5871
2872
484
5817
1914
578
7505
2554
3124
7022
7665
2676
613
3701
937
4172
1933
4899
3515
1396
948
5508
3450
7603
3478
803
6764
9432
6148
1240
686
8713
23
9133
6681
770
9108
8155
9438
1732
7661
7328
5904
7498
3265
6686
9308
6225
8432
6175
3712
2721
5830
6923
9137
7529
3590
8587
3202
1254
3188
962
6672
5037
5019
5816
6829
3854
1921
1944
5603
9942
1010
5375
3053
5856
9939
2697
3759
5776
6877
5064
3018
9571
3775
6851
7803
8502
4600
4249
1933
1891
3593
5448
8109
7456
1944
3142
8357
2519
6250
2875
4048
7134
1118
5443
7672
6985
6681
4051
6957
519
