2682
8141
775
6687
254
2972
2595
9627
5991
5584
8371
4600
1335
2593
7920
9447
6033
2091
6835
9431
3672
2616
8178
495
2913
1839
410
9814
9579
8250
9743
6244
8238
5197
4756
4824
9416
9416
1022
9233
2349
1547
9533
2904
2723
5523
2666
8557
3668
5300
5846
2240
815
6339
2307
9717
3909
5869
7129
1521
1040
7506
1757
3668
7322
4761
6318
4335
3953
8024
6469
7538
4993
661
2584
2540
4072
7268
4806
8281
6775
8432
2790
2026
9119
3977
9087
949
7906
8399
2585
4321
300
114
5194
9572
8777
9800
7893
3924
7261
3010
8833
1478
7072
1426
1070
2594
3588
4739
7100
470
558
2549
5067
6594
3671
2303
4447
9334
8865
9409
6813
8441
1123
