5083
3574
2553
5693
9159
8925
7522
5760
7343
3776
1833
8732
1328
1637
4998
6436
2303
365
4366
9802
9944
2549
6678
5065
7626
309
8868
2127
5183
7037
5355
7808
3061
2435
982
8984
6307
6056
6932
8098
4745
3044
5057
2259
7235
7159
221
3128
2424
6615
5002
7871
1806
4418
1218
7428
1062
5041
7948
1944
9976
4700
6606
7733
553
8684
2041
928
5649
9223
8515
3564
784
5325
4194
4061
5197
4620
6983
6724
8040
8758
7455
2383
2975
1428
1188
8306
2549
4294
8028
7153
4935
5874
6885
209
1913
5308
6327
5371
9855
7942
3381
3156
9888
4144
8652
7211
8118
7935
7887
5246
134
9729
7888
2007
3545
6418
3896
4904
7703
6776
9915
3786
3070
