500
9090
593
1396
7523
7996
5190
4592
1936
6978
1631
7499
4279
3836
3464
6684
1865
6385
7941
7825
3300
3431
5384
5578
4179
3926
7201
6439
2661
8211
4239
9960
9435
970
359
6676
4671
4625
5282
6224
8075
9546
2863
8891
3521
8668
2969
7882
6754
7677
6416
3826
9579
2500
4849
7922
8448
7382
4249
4091
9266
2621
9794
6874
9529
3320
8646
9051
3800
4963
9235
9420
687
7406
880
9188
3473
7173
3887
5593
7923
9028
1479
3520
5651
4376
792
992
8705
2161
657
3370
6495
6484
59
297
1883
4487
8837
510
3173
3599
2350
5173
6392
8661
7347
3213
1117
3543
2613
4205
3790
8190
8162
2898
9073
9586
9877
7804
8916
8786
6092
9808
4580
