29
3782
9192
6796
6319
8475
7983
1396
7568
4230
8331
4820
8131
6096
7802
8595
6531
9611
5011
4169
9590
6718
569
3656
8779
9750
3866
1021
9662
7494
5863
1054
2436
583
3865
6736
8156
2855
7227
9483
2392
4338
8751
3131
2197
135
9462
2387
6796
6331
7479
7555
9145
9340
1841
4518
5660
3932
2546
2629
4464
4649
3054
5332
8832
5691
7234
5199
1420
9290
2900
387
3596
4611
971
462
6702
2045
157
1808
6120
885
8300
9071
2978
1640
4064
4317
1108
3249
3850
2297
6336
4697
2999
4431
7093
8021
3662
1203
8329
7019
7826
4334
6682
5324
7929
3060
3777
6529
8870
7927
2502
7814
5031
8899
420
3388
1157
794
8127
2025
451
2921
9014
