1885
9847
5149
2102
1001
6068
2545
7984
746
570
2019
6789
4814
9754
3558
457
2374
7541
3876
3550
6417
1089
4103
5871
8769
695
3768
7582
2326
5782
1072
7711
2482
6164
7712
9104
6801
7508
1944
6967
7937
9106
3421
5610
2900
1452
3697
4140
5680
469
9533
4638
4156
6651
2768
7350
2386
8740
8527
1498
1421
6316
5778
3374
6016
1971
3264
7605
2330
1050
6929
2606
5185
2086
556
4241
8303
8564
143
7299
5527
8888
412
5422
6693
2399
5734
7558
166
2776
9503
7916
5202
6326
9621
265
6614
1945
5107
5325
8479
2259
7017
4151
3020
4059
3436
9905
8975
999
7708
8845
3154
3544
7922
5837
1625
7135
1600
654
9940
4603
7199
1664
4799
