7604
1708
2789
3297
5484
2663
3311
9044
7307
3874
5431
9920
7982
8833
1745
7269
356
6367
944
9867
2060
4154
678
6576
3468
4412
1307
1805
1883
1901
70
3835
634
5750
689
9546
906
8371
8398
23
9536
6732
2341
2797
3948
8815
6337
9061
8469
2474
4162
4492
8579
1259
8172
6614
4860
2160
2763
773
4740
2237
9942
4256
6109
2738
1598
9098
322
5691
3317
7038
4484
1734
5582
7008
2372
8287
5944
6689
6944
2737
9146
1926
9825
4997
3109
42
4537
3276
5542
2474
7325
3512
9901
4628
4264
1210
8775
7623
9402
1400
434
4783
3475
1615
3251
3299
2522
3274
1783
5921
9205
1003
8704
5893
8079
5850
1506
8962
3008
5262
1374
2062
784
