5415
8668
1978
4022
4389
4469
1780
8290
696
8545
7537
4761
7077
9136
9271
8782
427
7835
498
3579
4185
1141
4171
8103
6607
4244
3949
1483
6631
8294
8958
9989
1133
5052
7442
7763
7157
8406
8484
2012
1663
1360
101
4689
9329
5829
6216
926
7211
9009
1191
3025
7233
9038
2961
8689
6811
4845
8402
8175
1978
1611
5603
455
2985
9051
5685
7229
7710
3777
7750
463
1500
9018
2275
1830
2392
6480
6759
2548
7220
4378
6896
9322
7331
5560
8488
1476
3850
3821
2121
4332
2829
3469
8085
5054
4144
8480
4762
1682
1518
1505
2796
834
8865
6373
7845
7314
3825
3436
3180
3264
7690
9136
721
3016
200
2201
8273
9589
1273
5818
6349
79
912
