8710
6096
4499
8473
9166
4428
6728
255
9356
3268
2769
2634
7749
1819
8089
354
8779
3427
5512
1722
9941
861
3097
3562
8173
4422
5975
7900
5476
9599
8529
8831
9096
1825
2281
3878
76
8605
194
2755
9905
2200
4335
3591
7822
445
9328
4498
2069
6423
9790
6199
1478
8593
48
9133
3716
7719
5035
9308
2981
60
9327
858
3028
1841
460
1475
8659
451
8748
6772
5983
118
6149
4452
9791
3064
5683
3455
4305
3742
2855
2540
8380
7897
4988
9843
142
6397
4344
2930
8570
4844
5889
898
7381
9317
1892
3989
6506
1079
9796
6571
1598
7942
5446
6715
4429
3331
5660
4819
5417
3295
3365
6737
2655
5009
4454
6964
457
3411
3023
8860
6409
