1429
5207
1191
4936
5318
9674
7560
3871
2426
646
3146
5647
7914
1439
8344
5958
7222
3859
1044
4516
3829
5179
8838
927
554
303
7751
3600
2612
7494
4847
6770
1092
7623
2515
4452
2574
6341
4894
5638
6476
166
5848
4373
3163
6547
6767
4636
5530
9056
4551
5020
3203
9234
3867
7691
3808
2922
1527
645
3078
9158
5894
8230
2779
2130
4180
6644
4331
9141
4848
6646
4958
6028
7232
1082
9151
7599
306
4386
7167
7671
7450
454
8493
5994
4276
4621
4401
2822
4519
5349
8121
4924
5378
461
10
5174
7382
5161
5255
5940
1800
6639
9243
2365
1707
4531
5498
7903
4736
3183
3735
285
1740
7063
8470
2078
6661
5009
8702
9457
6609
9061
1324
