6755
8548
1335
3105
7893
4373
6967
8857
555
3555
6500
1267
6094
8509
7232
3953
6517
2303
2311
2986
8543
1094
9147
6736
7460
8589
7895
7722
8708
9551
2457
1120
1222
653
1510
849
3687
1039
1867
3379
2799
5207
1226
5205
9355
8345
4523
6205
7102
7133
1456
4550
5033
9466
7362
4815
4121
9506
2221
9303
7001
2808
6705
8910
7422
9765
8334
2741
3358
6032
1300
7553
8945
7760
2998
691
9632
5446
5976
7673
4503
4285
2917
309
9710
4472
7241
6161
4391
3159
2516
6592
7210
9108
194
6809
9521
1832
4972
2484
2207
2764
1292
5432
9919
587
2269
6366
8172
4916
3241
6461
1878
978
2584
3825
3592
8951
4065
3323
7685
2435
1627
6469
6547
