3822
5935
2537
6948
1182
4948
8632
2211
5362
5713
9891
123
8008
5385
3175
9727
2098
4906
4170
7857
2755
7402
2392
4628
3345
9407
8140
5667
8141
9753
5965
2750
3789
1880
3202
5324
2742
3887
1781
1964
2879
5524
619
396
9421
4779
932
3648
7718
2523
6850
7149
4739
2023
1122
5902
3072
5896
4726
8471
5333
8969
7632
7980
9301
3834
6776
9331
8609
50
4602
805
9627
9865
134
1294
7247
9188
9121
8112
7152
4539
9500
6884
9385
8496
39
3344
7482
9694
3167
6229
2648
7059
939
3232
3265
8053
8055
8982
6498
3352
5366
2151
6007
2555
8621
518
1874
2940
6833
6023
4727
6337
6086
8232
408
5799
3031
5399
7916
3430
7805
7879
3990
