1926
8864
9742
695
1142
5010
3562
2323
6896
7630
8368
6448
8384
9021
4561
3890
8616
4621
7574
7286
8152
9401
2299
2230
2565
1584
8749
6648
3211
6791
592
2101
431
4615
4581
7937
4882
4877
4236
5648
5091
1732
4693
3135
9379
2528
1320
3046
7013
4000
5308
7949
2381
7502
7963
7511
7
5868
9005
1569
7076
7676
2950
7372
8907
6
6366
1093
1862
5262
134
3316
3683
5664
7930
3457
2455
9963
622
8721
3120
407
6892
7514
1832
8029
754
8300
6680
1550
8324
3090
1223
948
1493
1773
2286
5507
5650
1271
4288
4060
141
4718
7179
9851
9081
1366
7466
4259
7077
4012
6307
7893
1963
2087
4213
7885
3437
502
8721
2440
4525
2134
8869
