6308
4466
338
4709
6656
964
3142
7692
9901
2974
8506
7012
6099
8102
9807
3630
8299
8551
9556
8796
6763
316
4572
2248
843
8820
2404
7420
2171
3760
1268
8664
314
9521
8707
4222
9935
2743
49
7918
2946
9100
876
2094
4016
5017
308
6888
5916
1052
3566
9448
2064
2455
5604
4835
9777
5464
8201
9143
4782
3308
2250
5096
54
5072
2877
9093
4558
1014
2834
1188
7952
2603
2755
4598
5416
3308
968
9090
4473
746
6702
8500
3700
8018
1402
6011
5271
4343
356
5414
6414
2681
6177
8921
4100
9163
9017
9082
9241
1364
8073
6048
4106
160
3900
7403
6358
5802
7958
218
5829
9031
8924
7054
6979
1338
9731
7064
4206
7444
8544
9295
964
