2395
7689
4532
9901
999
2016
2138
9952
7238
9642
5503
2975
6444
728
3438
9047
509
8966
2109
7374
5129
7622
5892
333
8937
5868
1565
7902
5777
9202
4981
4774
7985
6099
862
6305
3721
8976
1580
194
2448
2042
3116
9433
1941
6993
3422
1456
147
7558
5273
472
5812
3561
6191
7601
2289
476
9851
1022
8260
1021
4090
3117
6463
5150
4458
1831
8674
9477
7177
2446
2542
2987
9892
440
5529
1424
1187
6146
312
5416
5270
6421
8500
192
2633
4408
8127
3100
3513
4393
2354
688
2700
8422
2269
8675
574
8891
7826
3570
3792
6591
4512
6821
1417
3714
1946
6842
8216
8671
4575
7982
3376
5278
7111
7169
8089
4791
8236
8341
1403
6227
1284
