8005
2008
508
9797
9970
4345
3926
2880
2274
9062
5665
4175
613
1975
9662
3782
8760
913
7310
5145
4801
6590
7075
9088
222
5053
4988
2788
9993
4582
8936
2381
1562
217
1983
4595
195
5688
1797
5052
2038
1940
5015
682
6247
7218
5392
208
5935
9333
3286
9339
2691
793
7930
6914
5683
8255
7966
886
6709
5189
1292
2350
7238
2532
7198
8872
8377
2263
4344
2460
5527
9942
4629
5603
4081
2018
239
7118
9534
340
3813
1416
8720
2364
4394
8449
914
1673
8485
4906
69
7535
7538
7862
4258
6819
4985
6894
467
9099
2997
9265
2552
9360
3271
6177
9055
1630
795
5913
1049
2024
9055
1895
8797
7723
5699
2041
75
6988
4669
3131
3096
