2116
3392
9915
78
4074
9720
5781
3810
4308
2112
9935
2960
1508
8338
1139
1613
1863
7333
6512
1392
9080
4330
4247
4980
3320
5207
2053
5107
8434
9469
8077
6228
5546
1623
7900
3183
2871
8208
5445
9295
3448
6764
5964
9680
4467
8894
1248
3677
2542
4826
2136
371
2687
1861
7409
5942
2170
4745
7186
3319
4081
2117
9623
9379
5559
7443
4336
8925
6599
479
5944
9182
5704
8428
2824
3170
6743
2361
8374
7631
4989
8301
7739
9653
7893
6855
9161
1919
2817
4184
3835
2171
2882
4142
1053
44
4453
2406
7650
1209
4952
4221
8568
8597
600
9756
4076
9098
4564
8323
3938
4806
8861
6536
9748
7058
2384
5690
9161
215
438
1428
2201
5915
2275
