6141
2886
1453
9178
5742
6186
4734
9187
322
5891
668
2297
5734
3464
2081
4793
9292
492
9934
5671
6738
3831
9730
7156
6449
119
8361
7962
8160
8829
1414
2543
2808
1685
8902
4256
6215
9349
5194
5894
788
6493
38
7729
6733
1451
8749
8284
9452
919
533
481
4237
1217
6212
5110
1764
2356
2142
234
1596
5617
9347
7051
3519
8898
3207
4959
5122
3449
1869
9553
9550
1256
6635
5646
4718
2512
4356
2423
4102
1899
7979
9243
4342
4409
8463
726
5575
2466
7353
921
8205
5184
6701
4193
6319
4426
6186
8662
8802
8367
9494
5619
6432
3731
8420
3559
6265
4976
2291
2267
520
6256
2869
866
6638
4782
6463
1489
9601
3743
5562
7410
2722
